Orthogroup	protein_mansoni	resultado_cel	Total
OG0000000	111	3	114
OG0000001	0	74	74
OG0000002	0	71	71
OG0000003	0	67	67
OG0000004	48	2	50
OG0000005	50	0	50
OG0000006	0	44	44
OG0000007	0	44	44
OG0000008	2	40	42
OG0000009	0	42	42
OG0000010	2	37	39
OG0000011	0	39	39
OG0000012	1	36	37
OG0000013	0	37	37
OG0000014	0	37	37
OG0000015	0	36	36
OG0000016	0	35	35
OG0000017	32	1	33
OG0000018	0	30	30
OG0000019	28	0	28
OG0000020	0	28	28
OG0000021	0	28	28
OG0000022	0	27	27
OG0000023	0	27	27
OG0000024	1	24	25
OG0000025	0	25	25
OG0000026	0	25	25
OG0000027	23	1	24
OG0000028	0	24	24
OG0000029	0	23	23
OG0000030	0	23	23
OG0000031	22	0	22
OG0000032	22	0	22
OG0000033	0	22	22
OG0000034	0	22	22
OG0000035	0	22	22
OG0000036	21	0	21
OG0000037	20	1	21
OG0000038	1	19	20
OG0000039	0	20	20
OG0000040	0	20	20
OG0000041	0	19	19
OG0000042	18	0	18
OG0000043	18	0	18
OG0000044	1	17	18
OG0000045	0	18	18
OG0000046	0	18	18
OG0000047	0	18	18
OG0000048	0	18	18
OG0000049	4	13	17
OG0000050	1	16	17
OG0000051	17	0	17
OG0000052	1	16	17
OG0000053	0	17	17
OG0000054	0	17	17
OG0000055	0	17	17
OG0000056	0	17	17
OG0000057	0	16	16
OG0000058	0	16	16
OG0000059	0	16	16
OG0000060	0	16	16
OG0000061	14	1	15
OG0000062	15	0	15
OG0000063	1	14	15
OG0000064	14	0	14
OG0000065	1	13	14
OG0000066	0	14	14
OG0000067	0	14	14
OG0000068	0	14	14
OG0000069	0	14	14
OG0000070	1	12	13
OG0000071	12	1	13
OG0000072	0	13	13
OG0000073	0	13	13
OG0000074	0	13	13
OG0000075	0	13	13
OG0000076	10	2	12
OG0000077	12	0	12
OG0000078	0	12	12
OG0000079	0	12	12
OG0000080	0	12	12
OG0000081	0	12	12
OG0000082	0	12	12
OG0000083	0	12	12
OG0000084	0	12	12
OG0000085	11	0	11
OG0000086	11	0	11
OG0000087	3	8	11
OG0000088	11	0	11
OG0000089	0	11	11
OG0000090	0	11	11
OG0000091	0	11	11
OG0000092	0	11	11
OG0000093	0	11	11
OG0000094	0	11	11
OG0000095	0	11	11
OG0000096	0	11	11
OG0000097	10	0	10
OG0000098	9	1	10
OG0000099	1	9	10
OG0000100	10	0	10
OG0000101	10	0	10
OG0000102	0	10	10
OG0000103	0	10	10
OG0000104	0	10	10
OG0000105	0	10	10
OG0000106	0	10	10
OG0000107	0	10	10
OG0000108	0	10	10
OG0000109	0	10	10
OG0000110	9	0	9
OG0000111	2	7	9
OG0000112	9	0	9
OG0000113	9	0	9
OG0000114	6	3	9
OG0000115	8	1	9
OG0000116	4	5	9
OG0000117	9	0	9
OG0000118	9	0	9
OG0000119	9	0	9
OG0000120	1	8	9
OG0000121	9	0	9
OG0000122	9	0	9
OG0000123	9	0	9
OG0000124	8	1	9
OG0000125	9	0	9
OG0000126	1	8	9
OG0000127	1	8	9
OG0000128	9	0	9
OG0000129	0	9	9
OG0000130	0	9	9
OG0000131	0	9	9
OG0000132	0	9	9
OG0000133	0	9	9
OG0000134	0	9	9
OG0000135	0	9	9
OG0000136	0	9	9
OG0000137	0	9	9
OG0000138	0	9	9
OG0000139	1	7	8
OG0000140	8	0	8
OG0000141	8	0	8
OG0000142	8	0	8
OG0000143	1	7	8
OG0000144	8	0	8
OG0000145	1	7	8
OG0000146	6	2	8
OG0000147	7	1	8
OG0000148	1	7	8
OG0000149	8	0	8
OG0000150	7	1	8
OG0000151	2	6	8
OG0000152	1	7	8
OG0000153	7	1	8
OG0000154	7	1	8
OG0000155	1	7	8
OG0000156	7	1	8
OG0000157	5	3	8
OG0000158	8	0	8
OG0000159	3	5	8
OG0000160	6	2	8
OG0000161	1	7	8
OG0000162	2	6	8
OG0000163	1	7	8
OG0000164	1	7	8
OG0000165	1	7	8
OG0000166	0	8	8
OG0000167	0	8	8
OG0000168	0	8	8
OG0000169	0	8	8
OG0000170	0	8	8
OG0000171	0	8	8
OG0000172	0	8	8
OG0000173	0	8	8
OG0000174	0	8	8
OG0000175	0	8	8
OG0000176	0	8	8
OG0000177	0	8	8
OG0000178	0	8	8
OG0000179	0	8	8
OG0000180	0	8	8
OG0000181	4	3	7
OG0000182	2	5	7
OG0000183	6	1	7
OG0000184	3	4	7
OG0000185	6	1	7
OG0000186	7	0	7
OG0000187	7	0	7
OG0000188	7	0	7
OG0000189	1	6	7
OG0000190	6	1	7
OG0000191	7	0	7
OG0000192	2	5	7
OG0000193	1	6	7
OG0000194	1	6	7
OG0000195	2	5	7
OG0000196	7	0	7
OG0000197	1	6	7
OG0000198	2	5	7
OG0000199	2	5	7
OG0000200	1	6	7
OG0000201	1	6	7
OG0000202	3	4	7
OG0000203	1	6	7
OG0000204	1	6	7
OG0000205	1	6	7
OG0000206	1	6	7
OG0000207	1	6	7
OG0000208	0	7	7
OG0000209	0	7	7
OG0000210	0	7	7
OG0000211	0	7	7
OG0000212	0	7	7
OG0000213	0	7	7
OG0000214	0	7	7
OG0000215	0	7	7
OG0000216	0	7	7
OG0000217	0	7	7
OG0000218	0	7	7
OG0000219	0	7	7
OG0000220	0	7	7
OG0000221	0	7	7
OG0000222	0	7	7
OG0000223	0	7	7
OG0000224	0	7	7
OG0000225	0	7	7
OG0000226	1	5	6
OG0000227	1	5	6
OG0000228	5	1	6
OG0000229	1	5	6
OG0000230	1	5	6
OG0000231	1	5	6
OG0000232	2	4	6
OG0000233	6	0	6
OG0000234	4	2	6
OG0000235	2	4	6
OG0000236	5	1	6
OG0000237	5	1	6
OG0000238	1	5	6
OG0000239	5	1	6
OG0000240	5	1	6
OG0000241	2	4	6
OG0000242	4	2	6
OG0000243	1	5	6
OG0000244	2	4	6
OG0000245	5	1	6
OG0000246	2	4	6
OG0000247	6	0	6
OG0000248	4	2	6
OG0000249	6	0	6
OG0000250	1	5	6
OG0000251	1	5	6
OG0000252	1	5	6
OG0000253	1	5	6
OG0000254	5	1	6
OG0000255	6	0	6
OG0000256	6	0	6
OG0000257	5	1	6
OG0000258	5	1	6
OG0000259	3	3	6
OG0000260	6	0	6
OG0000261	1	5	6
OG0000262	1	5	6
OG0000263	3	3	6
OG0000264	1	5	6
OG0000265	3	3	6
OG0000266	5	1	6
OG0000267	1	5	6
OG0000268	4	2	6
OG0000269	1	5	6
OG0000270	5	1	6
OG0000271	2	4	6
OG0000272	1	5	6
OG0000273	1	5	6
OG0000274	2	4	6
OG0000275	1	5	6
OG0000276	6	0	6
OG0000277	0	6	6
OG0000278	0	6	6
OG0000279	0	6	6
OG0000280	0	6	6
OG0000281	0	6	6
OG0000282	0	6	6
OG0000283	0	6	6
OG0000284	0	6	6
OG0000285	0	6	6
OG0000286	0	6	6
OG0000287	0	6	6
OG0000288	0	6	6
OG0000289	0	6	6
OG0000290	0	6	6
OG0000291	0	6	6
OG0000292	0	6	6
OG0000293	0	6	6
OG0000294	0	6	6
OG0000295	0	6	6
OG0000296	0	6	6
OG0000297	0	6	6
OG0000298	0	6	6
OG0000299	0	6	6
OG0000300	0	6	6
OG0000301	0	6	6
OG0000302	0	6	6
OG0000303	0	6	6
OG0000304	5	0	5
OG0000305	5	0	5
OG0000306	2	3	5
OG0000307	4	1	5
OG0000308	2	3	5
OG0000309	3	2	5
OG0000310	5	0	5
OG0000311	3	2	5
OG0000312	5	0	5
OG0000313	2	3	5
OG0000314	2	3	5
OG0000315	4	1	5
OG0000316	5	0	5
OG0000317	5	0	5
OG0000318	4	1	5
OG0000319	1	4	5
OG0000320	5	0	5
OG0000321	1	4	5
OG0000322	1	4	5
OG0000323	5	0	5
OG0000324	2	3	5
OG0000325	1	4	5
OG0000326	1	4	5
OG0000327	4	1	5
OG0000328	1	4	5
OG0000329	3	2	5
OG0000330	4	1	5
OG0000331	5	0	5
OG0000332	4	1	5
OG0000333	4	1	5
OG0000334	2	3	5
OG0000335	2	3	5
OG0000336	5	0	5
OG0000337	3	2	5
OG0000338	2	3	5
OG0000339	3	2	5
OG0000340	4	1	5
OG0000341	5	0	5
OG0000342	4	1	5
OG0000343	4	1	5
OG0000344	4	1	5
OG0000345	5	0	5
OG0000346	4	1	5
OG0000347	3	2	5
OG0000348	2	3	5
OG0000349	1	4	5
OG0000350	5	0	5
OG0000351	2	3	5
OG0000352	3	2	5
OG0000353	2	3	5
OG0000354	4	1	5
OG0000355	4	1	5
OG0000356	2	3	5
OG0000357	1	4	5
OG0000358	1	4	5
OG0000359	5	0	5
OG0000360	2	3	5
OG0000361	2	3	5
OG0000362	5	0	5
OG0000363	5	0	5
OG0000364	1	4	5
OG0000365	5	0	5
OG0000366	1	4	5
OG0000367	5	0	5
OG0000368	1	4	5
OG0000369	3	2	5
OG0000370	4	1	5
OG0000371	4	1	5
OG0000372	1	4	5
OG0000373	1	4	5
OG0000374	2	3	5
OG0000375	4	1	5
OG0000376	4	1	5
OG0000377	1	4	5
OG0000378	1	4	5
OG0000379	1	4	5
OG0000380	2	3	5
OG0000381	1	4	5
OG0000382	1	4	5
OG0000383	2	3	5
OG0000384	5	0	5
OG0000385	1	4	5
OG0000386	2	3	5
OG0000387	1	4	5
OG0000388	1	4	5
OG0000389	1	4	5
OG0000390	1	4	5
OG0000391	5	0	5
OG0000392	1	4	5
OG0000393	1	4	5
OG0000394	0	5	5
OG0000395	0	5	5
OG0000396	0	5	5
OG0000397	0	5	5
OG0000398	0	5	5
OG0000399	0	5	5
OG0000400	0	5	5
OG0000401	0	5	5
OG0000402	0	5	5
OG0000403	0	5	5
OG0000404	0	5	5
OG0000405	0	5	5
OG0000406	0	5	5
OG0000407	0	5	5
OG0000408	0	5	5
OG0000409	0	5	5
OG0000410	0	5	5
OG0000411	0	5	5
OG0000412	0	5	5
OG0000413	0	5	5
OG0000414	0	5	5
OG0000415	0	5	5
OG0000416	0	5	5
OG0000417	0	5	5
OG0000418	0	5	5
OG0000419	0	5	5
OG0000420	0	5	5
OG0000421	0	5	5
OG0000422	0	5	5
OG0000423	0	5	5
OG0000424	1	3	4
OG0000425	4	0	4
OG0000426	2	2	4
OG0000427	2	2	4
OG0000428	2	2	4
OG0000429	3	1	4
OG0000430	2	2	4
OG0000431	1	3	4
OG0000432	2	2	4
OG0000433	2	2	4
OG0000434	3	1	4
OG0000435	1	3	4
OG0000436	3	1	4
OG0000437	3	1	4
OG0000438	2	2	4
OG0000439	4	0	4
OG0000440	1	3	4
OG0000441	1	3	4
OG0000442	2	2	4
OG0000443	1	3	4
OG0000444	2	2	4
OG0000445	1	3	4
OG0000446	2	2	4
OG0000447	1	3	4
OG0000448	2	2	4
OG0000449	2	2	4
OG0000450	1	3	4
OG0000451	1	3	4
OG0000452	3	1	4
OG0000453	2	2	4
OG0000454	4	0	4
OG0000455	2	2	4
OG0000456	4	0	4
OG0000457	1	3	4
OG0000458	1	3	4
OG0000459	4	0	4
OG0000460	4	0	4
OG0000461	1	3	4
OG0000462	2	2	4
OG0000463	3	1	4
OG0000464	2	2	4
OG0000465	4	0	4
OG0000466	3	1	4
OG0000467	1	3	4
OG0000468	4	0	4
OG0000469	2	2	4
OG0000470	3	1	4
OG0000471	2	2	4
OG0000472	1	3	4
OG0000473	2	2	4
OG0000474	2	2	4
OG0000475	2	2	4
OG0000476	1	3	4
OG0000477	4	0	4
OG0000478	4	0	4
OG0000479	1	3	4
OG0000480	2	2	4
OG0000481	3	1	4
OG0000482	4	0	4
OG0000483	2	2	4
OG0000484	3	1	4
OG0000485	2	2	4
OG0000486	3	1	4
OG0000487	3	1	4
OG0000488	2	2	4
OG0000489	2	2	4
OG0000490	1	3	4
OG0000491	4	0	4
OG0000492	1	3	4
OG0000493	2	2	4
OG0000494	3	1	4
OG0000495	1	3	4
OG0000496	1	3	4
OG0000497	3	1	4
OG0000498	3	1	4
OG0000499	1	3	4
OG0000500	3	1	4
OG0000501	3	1	4
OG0000502	2	2	4
OG0000503	3	1	4
OG0000504	4	0	4
OG0000505	4	0	4
OG0000506	1	3	4
OG0000507	3	1	4
OG0000508	2	2	4
OG0000509	3	1	4
OG0000510	1	3	4
OG0000511	4	0	4
OG0000512	1	3	4
OG0000513	1	3	4
OG0000514	2	2	4
OG0000515	1	3	4
OG0000516	3	1	4
OG0000517	1	3	4
OG0000518	1	3	4
OG0000519	1	3	4
OG0000520	4	0	4
OG0000521	4	0	4
OG0000522	1	3	4
OG0000523	3	1	4
OG0000524	3	1	4
OG0000525	1	3	4
OG0000526	2	2	4
OG0000527	1	3	4
OG0000528	1	3	4
OG0000529	3	1	4
OG0000530	3	1	4
OG0000531	3	1	4
OG0000532	3	1	4
OG0000533	1	3	4
OG0000534	4	0	4
OG0000535	4	0	4
OG0000536	4	0	4
OG0000537	4	0	4
OG0000538	4	0	4
OG0000539	2	2	4
OG0000540	4	0	4
OG0000541	2	2	4
OG0000542	4	0	4
OG0000543	4	0	4
OG0000544	1	3	4
OG0000545	2	2	4
OG0000546	1	3	4
OG0000547	2	2	4
OG0000548	1	3	4
OG0000549	1	3	4
OG0000550	4	0	4
OG0000551	2	2	4
OG0000552	2	2	4
OG0000553	1	3	4
OG0000554	2	2	4
OG0000555	2	2	4
OG0000556	4	0	4
OG0000557	1	3	4
OG0000558	2	2	4
OG0000559	2	2	4
OG0000560	2	2	4
OG0000561	1	3	4
OG0000562	1	3	4
OG0000563	4	0	4
OG0000564	1	3	4
OG0000565	2	2	4
OG0000566	2	2	4
OG0000567	3	1	4
OG0000568	2	2	4
OG0000569	1	3	4
OG0000570	4	0	4
OG0000571	2	2	4
OG0000572	3	1	4
OG0000573	1	3	4
OG0000574	1	3	4
OG0000575	3	1	4
OG0000576	2	2	4
OG0000577	2	2	4
OG0000578	4	0	4
OG0000579	2	2	4
OG0000580	1	3	4
OG0000581	4	0	4
OG0000582	2	2	4
OG0000583	2	2	4
OG0000584	1	3	4
OG0000585	1	3	4
OG0000586	3	1	4
OG0000587	1	3	4
OG0000588	1	3	4
OG0000589	2	2	4
OG0000590	1	3	4
OG0000591	2	2	4
OG0000592	1	3	4
OG0000593	1	3	4
OG0000594	1	3	4
OG0000595	1	3	4
OG0000596	1	3	4
OG0000597	2	2	4
OG0000598	1	3	4
OG0000599	1	3	4
OG0000600	2	2	4
OG0000601	3	1	4
OG0000602	1	3	4
OG0000603	3	1	4
OG0000604	2	2	4
OG0000605	2	2	4
OG0000606	1	3	4
OG0000607	1	3	4
OG0000608	1	3	4
OG0000609	2	2	4
OG0000610	1	3	4
OG0000611	2	2	4
OG0000612	1	3	4
OG0000613	1	3	4
OG0000614	2	2	4
OG0000615	2	2	4
OG0000616	4	0	4
OG0000617	1	3	4
OG0000618	1	3	4
OG0000619	3	1	4
OG0000620	1	3	4
OG0000621	1	3	4
OG0000622	1	3	4
OG0000623	1	3	4
OG0000624	1	3	4
OG0000625	3	1	4
OG0000626	1	3	4
OG0000627	1	3	4
OG0000628	4	0	4
OG0000629	1	3	4
OG0000630	2	2	4
OG0000631	1	3	4
OG0000632	1	3	4
OG0000633	1	3	4
OG0000634	1	3	4
OG0000635	4	0	4
OG0000636	4	0	4
OG0000637	1	3	4
OG0000638	2	2	4
OG0000639	0	4	4
OG0000640	0	4	4
OG0000641	0	4	4
OG0000642	0	4	4
OG0000643	0	4	4
OG0000644	0	4	4
OG0000645	0	4	4
OG0000646	0	4	4
OG0000647	0	4	4
OG0000648	0	4	4
OG0000649	0	4	4
OG0000650	0	4	4
OG0000651	0	4	4
OG0000652	0	4	4
OG0000653	0	4	4
OG0000654	0	4	4
OG0000655	0	4	4
OG0000656	0	4	4
OG0000657	0	4	4
OG0000658	0	4	4
OG0000659	0	4	4
OG0000660	0	4	4
OG0000661	0	4	4
OG0000662	0	4	4
OG0000663	0	4	4
OG0000664	0	4	4
OG0000665	0	4	4
OG0000666	0	4	4
OG0000667	0	4	4
OG0000668	0	4	4
OG0000669	0	4	4
OG0000670	0	4	4
OG0000671	0	4	4
OG0000672	0	4	4
OG0000673	0	4	4
OG0000674	0	4	4
OG0000675	0	4	4
OG0000676	0	4	4
OG0000677	0	4	4
OG0000678	0	4	4
OG0000679	0	4	4
OG0000680	0	4	4
OG0000681	0	4	4
OG0000682	0	4	4
OG0000683	0	4	4
OG0000684	0	4	4
OG0000685	0	4	4
OG0000686	0	4	4
OG0000687	0	4	4
OG0000688	0	4	4
OG0000689	0	4	4
OG0000690	0	4	4
OG0000691	0	4	4
OG0000692	0	4	4
OG0000693	0	4	4
OG0000694	0	4	4
OG0000695	0	4	4
OG0000696	0	4	4
OG0000697	0	4	4
OG0000698	0	4	4
OG0000699	0	4	4
OG0000700	0	4	4
OG0000701	0	4	4
OG0000702	0	4	4
OG0000703	0	4	4
OG0000704	0	4	4
OG0000705	0	4	4
OG0000706	0	4	4
OG0000707	0	4	4
OG0000708	0	4	4
OG0000709	0	4	4
OG0000710	0	4	4
OG0000711	0	4	4
OG0000712	0	4	4
OG0000713	0	4	4
OG0000714	0	4	4
OG0000715	0	4	4
OG0000716	0	4	4
OG0000717	0	4	4
OG0000718	0	4	4
OG0000719	0	4	4
OG0000720	0	4	4
OG0000721	0	4	4
OG0000722	0	4	4
OG0000723	0	4	4
OG0000724	0	4	4
OG0000725	2	1	3
OG0000726	1	2	3
OG0000727	2	1	3
OG0000728	3	0	3
OG0000729	2	1	3
OG0000730	3	0	3
OG0000731	2	1	3
OG0000732	2	1	3
OG0000733	1	2	3
OG0000734	2	1	3
OG0000735	1	2	3
OG0000736	2	1	3
OG0000737	3	0	3
OG0000738	1	2	3
OG0000739	1	2	3
OG0000740	3	0	3
OG0000741	1	2	3
OG0000742	2	1	3
OG0000743	3	0	3
OG0000744	1	2	3
OG0000745	2	1	3
OG0000746	2	1	3
OG0000747	1	2	3
OG0000748	1	2	3
OG0000749	2	1	3
OG0000750	1	2	3
OG0000751	1	2	3
OG0000752	2	1	3
OG0000753	1	2	3
OG0000754	3	0	3
OG0000755	2	1	3
OG0000756	2	1	3
OG0000757	2	1	3
OG0000758	2	1	3
OG0000759	3	0	3
OG0000760	1	2	3
OG0000761	2	1	3
OG0000762	1	2	3
OG0000763	1	2	3
OG0000764	2	1	3
OG0000765	2	1	3
OG0000766	1	2	3
OG0000767	3	0	3
OG0000768	1	2	3
OG0000769	2	1	3
OG0000770	1	2	3
OG0000771	2	1	3
OG0000772	1	2	3
OG0000773	2	1	3
OG0000774	3	0	3
OG0000775	1	2	3
OG0000776	2	1	3
OG0000777	3	0	3
OG0000778	1	2	3
OG0000779	1	2	3
OG0000780	1	2	3
OG0000781	1	2	3
OG0000782	2	1	3
OG0000783	3	0	3
OG0000784	2	1	3
OG0000785	2	1	3
OG0000786	3	0	3
OG0000787	2	1	3
OG0000788	2	1	3
OG0000789	2	1	3
OG0000790	1	2	3
OG0000791	3	0	3
OG0000792	3	0	3
OG0000793	1	2	3
OG0000794	1	2	3
OG0000795	3	0	3
OG0000796	3	0	3
OG0000797	1	2	3
OG0000798	2	1	3
OG0000799	1	2	3
OG0000800	2	1	3
OG0000801	1	2	3
OG0000802	1	2	3
OG0000803	3	0	3
OG0000804	1	2	3
OG0000805	2	1	3
OG0000806	1	2	3
OG0000807	2	1	3
OG0000808	1	2	3
OG0000809	1	2	3
OG0000810	1	2	3
OG0000811	1	2	3
OG0000812	2	1	3
OG0000813	3	0	3
OG0000814	3	0	3
OG0000815	1	2	3
OG0000816	1	2	3
OG0000817	2	1	3
OG0000818	2	1	3
OG0000819	2	1	3
OG0000820	2	1	3
OG0000821	1	2	3
OG0000822	2	1	3
OG0000823	1	2	3
OG0000824	1	2	3
OG0000825	3	0	3
OG0000826	1	2	3
OG0000827	2	1	3
OG0000828	3	0	3
OG0000829	2	1	3
OG0000830	2	1	3
OG0000831	2	1	3
OG0000832	3	0	3
OG0000833	1	2	3
OG0000834	1	2	3
OG0000835	2	1	3
OG0000836	1	2	3
OG0000837	2	1	3
OG0000838	1	2	3
OG0000839	2	1	3
OG0000840	1	2	3
OG0000841	1	2	3
OG0000842	2	1	3
OG0000843	3	0	3
OG0000844	1	2	3
OG0000845	1	2	3
OG0000846	1	2	3
OG0000847	1	2	3
OG0000848	2	1	3
OG0000849	1	2	3
OG0000850	1	2	3
OG0000851	1	2	3
OG0000852	2	1	3
OG0000853	2	1	3
OG0000854	1	2	3
OG0000855	2	1	3
OG0000856	3	0	3
OG0000857	2	1	3
OG0000858	2	1	3
OG0000859	3	0	3
OG0000860	1	2	3
OG0000861	2	1	3
OG0000862	1	2	3
OG0000863	3	0	3
OG0000864	1	2	3
OG0000865	2	1	3
OG0000866	1	2	3
OG0000867	1	2	3
OG0000868	2	1	3
OG0000869	1	2	3
OG0000870	1	2	3
OG0000871	1	2	3
OG0000872	2	1	3
OG0000873	2	1	3
OG0000874	2	1	3
OG0000875	1	2	3
OG0000876	1	2	3
OG0000877	1	2	3
OG0000878	1	2	3
OG0000879	3	0	3
OG0000880	3	0	3
OG0000881	1	2	3
OG0000882	2	1	3
OG0000883	1	2	3
OG0000884	3	0	3
OG0000885	1	2	3
OG0000886	1	2	3
OG0000887	1	2	3
OG0000888	2	1	3
OG0000889	3	0	3
OG0000890	1	2	3
OG0000891	1	2	3
OG0000892	2	1	3
OG0000893	2	1	3
OG0000894	1	2	3
OG0000895	1	2	3
OG0000896	1	2	3
OG0000897	2	1	3
OG0000898	1	2	3
OG0000899	2	1	3
OG0000900	3	0	3
OG0000901	1	2	3
OG0000902	2	1	3
OG0000903	1	2	3
OG0000904	2	1	3
OG0000905	1	2	3
OG0000906	1	2	3
OG0000907	3	0	3
OG0000908	3	0	3
OG0000909	1	2	3
OG0000910	2	1	3
OG0000911	1	2	3
OG0000912	1	2	3
OG0000913	2	1	3
OG0000914	1	2	3
OG0000915	1	2	3
OG0000916	1	2	3
OG0000917	3	0	3
OG0000918	2	1	3
OG0000919	1	2	3
OG0000920	3	0	3
OG0000921	2	1	3
OG0000922	1	2	3
OG0000923	2	1	3
OG0000924	1	2	3
OG0000925	1	2	3
OG0000926	1	2	3
OG0000927	2	1	3
OG0000928	2	1	3
OG0000929	1	2	3
OG0000930	3	0	3
OG0000931	1	2	3
OG0000932	2	1	3
OG0000933	1	2	3
OG0000934	2	1	3
OG0000935	1	2	3
OG0000936	3	0	3
OG0000937	2	1	3
OG0000938	1	2	3
OG0000939	3	0	3
OG0000940	2	1	3
OG0000941	3	0	3
OG0000942	1	2	3
OG0000943	2	1	3
OG0000944	2	1	3
OG0000945	1	2	3
OG0000946	1	2	3
OG0000947	1	2	3
OG0000948	2	1	3
OG0000949	1	2	3
OG0000950	2	1	3
OG0000951	1	2	3
OG0000952	3	0	3
OG0000953	1	2	3
OG0000954	2	1	3
OG0000955	2	1	3
OG0000956	1	2	3
OG0000957	1	2	3
OG0000958	1	2	3
OG0000959	1	2	3
OG0000960	1	2	3
OG0000961	1	2	3
OG0000962	1	2	3
OG0000963	2	1	3
OG0000964	1	2	3
OG0000965	1	2	3
OG0000966	1	2	3
OG0000967	1	2	3
OG0000968	3	0	3
OG0000969	1	2	3
OG0000970	3	0	3
OG0000971	1	2	3
OG0000972	1	2	3
OG0000973	1	2	3
OG0000974	1	2	3
OG0000975	2	1	3
OG0000976	2	1	3
OG0000977	1	2	3
OG0000978	1	2	3
OG0000979	1	2	3
OG0000980	1	2	3
OG0000981	1	2	3
OG0000982	1	2	3
OG0000983	2	1	3
OG0000984	1	2	3
OG0000985	3	0	3
OG0000986	1	2	3
OG0000987	3	0	3
OG0000988	2	1	3
OG0000989	1	2	3
OG0000990	1	2	3
OG0000991	3	0	3
OG0000992	1	2	3
OG0000993	2	1	3
OG0000994	3	0	3
OG0000995	1	2	3
OG0000996	2	1	3
OG0000997	2	1	3
OG0000998	2	1	3
OG0000999	2	1	3
OG0001000	1	2	3
OG0001001	1	2	3
OG0001002	2	1	3
OG0001003	1	2	3
OG0001004	3	0	3
OG0001005	1	2	3
OG0001006	3	0	3
OG0001007	1	2	3
OG0001008	1	2	3
OG0001009	2	1	3
OG0001010	2	1	3
OG0001011	1	2	3
OG0001012	1	2	3
OG0001013	3	0	3
OG0001014	1	2	3
OG0001015	1	2	3
OG0001016	2	1	3
OG0001017	1	2	3
OG0001018	1	2	3
OG0001019	1	2	3
OG0001020	1	2	3
OG0001021	2	1	3
OG0001022	1	2	3
OG0001023	1	2	3
OG0001024	1	2	3
OG0001025	1	2	3
OG0001026	1	2	3
OG0001027	1	2	3
OG0001028	3	0	3
OG0001029	1	2	3
OG0001030	2	1	3
OG0001031	1	2	3
OG0001032	1	2	3
OG0001033	1	2	3
OG0001034	1	2	3
OG0001035	3	0	3
OG0001036	1	2	3
OG0001037	3	0	3
OG0001038	1	2	3
OG0001039	1	2	3
OG0001040	3	0	3
OG0001041	2	1	3
OG0001042	1	2	3
OG0001043	1	2	3
OG0001044	2	1	3
OG0001045	1	2	3
OG0001046	1	2	3
OG0001047	1	2	3
OG0001048	1	2	3
OG0001049	2	1	3
OG0001050	1	2	3
OG0001051	1	2	3
OG0001052	1	2	3
OG0001053	1	2	3
OG0001054	2	1	3
OG0001055	2	1	3
OG0001056	1	2	3
OG0001057	1	2	3
OG0001058	1	2	3
OG0001059	2	1	3
OG0001060	3	0	3
OG0001061	2	1	3
OG0001062	2	1	3
OG0001063	1	2	3
OG0001064	1	2	3
OG0001065	1	2	3
OG0001066	1	2	3
OG0001067	3	0	3
OG0001068	1	2	3
OG0001069	3	0	3
OG0001070	2	1	3
OG0001071	3	0	3
OG0001072	2	1	3
OG0001073	1	2	3
OG0001074	2	1	3
OG0001075	3	0	3
OG0001076	3	0	3
OG0001077	3	0	3
OG0001078	3	0	3
OG0001079	2	1	3
OG0001080	2	1	3
OG0001081	3	0	3
OG0001082	3	0	3
OG0001083	2	1	3
OG0001084	1	2	3
OG0001085	2	1	3
OG0001086	1	2	3
OG0001087	2	1	3
OG0001088	1	2	3
OG0001089	1	2	3
OG0001090	1	2	3
OG0001091	1	2	3
OG0001092	1	2	3
OG0001093	3	0	3
OG0001094	1	2	3
OG0001095	2	1	3
OG0001096	2	1	3
OG0001097	3	0	3
OG0001098	2	1	3
OG0001099	1	2	3
OG0001100	2	1	3
OG0001101	1	2	3
OG0001102	3	0	3
OG0001103	2	1	3
OG0001104	1	2	3
OG0001105	2	1	3
OG0001106	2	1	3
OG0001107	1	2	3
OG0001108	1	2	3
OG0001109	2	1	3
OG0001110	1	2	3
OG0001111	1	2	3
OG0001112	1	2	3
OG0001113	2	1	3
OG0001114	3	0	3
OG0001115	3	0	3
OG0001116	2	1	3
OG0001117	1	2	3
OG0001118	1	2	3
OG0001119	1	2	3
OG0001120	1	2	3
OG0001121	1	2	3
OG0001122	1	2	3
OG0001123	2	1	3
OG0001124	3	0	3
OG0001125	2	1	3
OG0001126	1	2	3
OG0001127	1	2	3
OG0001128	3	0	3
OG0001129	1	2	3
OG0001130	1	2	3
OG0001131	3	0	3
OG0001132	3	0	3
OG0001133	1	2	3
OG0001134	2	1	3
OG0001135	2	1	3
OG0001136	1	2	3
OG0001137	1	2	3
OG0001138	2	1	3
OG0001139	3	0	3
OG0001140	1	2	3
OG0001141	2	1	3
OG0001142	2	1	3
OG0001143	1	2	3
OG0001144	1	2	3
OG0001145	2	1	3
OG0001146	1	2	3
OG0001147	1	2	3
OG0001148	1	2	3
OG0001149	1	2	3
OG0001150	1	2	3
OG0001151	3	0	3
OG0001152	1	2	3
OG0001153	1	2	3
OG0001154	1	2	3
OG0001155	2	1	3
OG0001156	1	2	3
OG0001157	1	2	3
OG0001158	2	1	3
OG0001159	1	2	3
OG0001160	3	0	3
OG0001161	3	0	3
OG0001162	1	2	3
OG0001163	3	0	3
OG0001164	1	2	3
OG0001165	1	2	3
OG0001166	1	2	3
OG0001167	1	2	3
OG0001168	1	2	3
OG0001169	1	2	3
OG0001170	2	1	3
OG0001171	1	2	3
OG0001172	3	0	3
OG0001173	1	2	3
OG0001174	1	2	3
OG0001175	1	2	3
OG0001176	2	1	3
OG0001177	1	2	3
OG0001178	1	2	3
OG0001179	3	0	3
OG0001180	1	2	3
OG0001181	1	2	3
OG0001182	1	2	3
OG0001183	2	1	3
OG0001184	1	2	3
OG0001185	2	1	3
OG0001186	2	1	3
OG0001187	2	1	3
OG0001188	1	2	3
OG0001189	2	1	3
OG0001190	1	2	3
OG0001191	1	2	3
OG0001192	3	0	3
OG0001193	3	0	3
OG0001194	2	1	3
OG0001195	1	2	3
OG0001196	2	1	3
OG0001197	1	2	3
OG0001198	2	1	3
OG0001199	1	2	3
OG0001200	1	2	3
OG0001201	1	2	3
OG0001202	2	1	3
OG0001203	1	2	3
OG0001204	2	1	3
OG0001205	1	2	3
OG0001206	1	2	3
OG0001207	3	0	3
OG0001208	2	1	3
OG0001209	1	2	3
OG0001210	2	1	3
OG0001211	1	2	3
OG0001212	1	2	3
OG0001213	1	2	3
OG0001214	1	2	3
OG0001215	3	0	3
OG0001216	2	1	3
OG0001217	1	2	3
OG0001218	3	0	3
OG0001219	1	2	3
OG0001220	1	2	3
OG0001221	1	2	3
OG0001222	1	2	3
OG0001223	1	2	3
OG0001224	3	0	3
OG0001225	1	2	3
OG0001226	1	2	3
OG0001227	3	0	3
OG0001228	2	1	3
OG0001229	1	2	3
OG0001230	2	1	3
OG0001231	2	1	3
OG0001232	2	1	3
OG0001233	1	2	3
OG0001234	1	2	3
OG0001235	2	1	3
OG0001236	1	2	3
OG0001237	1	2	3
OG0001238	2	1	3
OG0001239	2	1	3
OG0001240	1	2	3
OG0001241	1	2	3
OG0001242	1	2	3
OG0001243	1	2	3
OG0001244	2	1	3
OG0001245	2	1	3
OG0001246	1	2	3
OG0001247	1	2	3
OG0001248	2	1	3
OG0001249	2	1	3
OG0001250	2	1	3
OG0001251	1	2	3
OG0001252	1	2	3
OG0001253	3	0	3
OG0001254	1	2	3
OG0001255	1	2	3
OG0001256	1	2	3
OG0001257	2	1	3
OG0001258	3	0	3
OG0001259	1	2	3
OG0001260	1	2	3
OG0001261	3	0	3
OG0001262	1	2	3
OG0001263	1	2	3
OG0001264	2	1	3
OG0001265	1	2	3
OG0001266	1	2	3
OG0001267	1	2	3
OG0001268	1	2	3
OG0001269	1	2	3
OG0001270	2	1	3
OG0001271	1	2	3
OG0001272	2	1	3
OG0001273	1	2	3
OG0001274	1	2	3
OG0001275	2	1	3
OG0001276	2	1	3
OG0001277	1	2	3
OG0001278	1	2	3
OG0001279	1	2	3
OG0001280	1	2	3
OG0001281	1	2	3
OG0001282	1	2	3
OG0001283	2	1	3
OG0001284	2	1	3
OG0001285	1	2	3
OG0001286	1	2	3
OG0001287	1	2	3
OG0001288	1	2	3
OG0001289	2	1	3
OG0001290	1	2	3
OG0001291	1	2	3
OG0001292	1	2	3
OG0001293	1	2	3
OG0001294	1	2	3
OG0001295	1	2	3
OG0001296	1	2	3
OG0001297	1	2	3
OG0001298	1	2	3
OG0001299	1	2	3
OG0001300	1	2	3
OG0001301	1	2	3
OG0001302	1	2	3
OG0001303	1	2	3
OG0001304	1	2	3
OG0001305	1	2	3
OG0001306	1	2	3
OG0001307	1	2	3
OG0001308	1	2	3
OG0001309	1	2	3
OG0001310	1	2	3
OG0001311	1	2	3
OG0001312	2	1	3
OG0001313	2	1	3
OG0001314	1	2	3
OG0001315	1	2	3
OG0001316	3	0	3
OG0001317	1	2	3
OG0001318	1	2	3
OG0001319	1	2	3
OG0001320	1	2	3
OG0001321	1	2	3
OG0001322	1	2	3
OG0001323	1	2	3
OG0001324	1	2	3
OG0001325	1	2	3
OG0001326	1	2	3
OG0001327	1	2	3
OG0001328	1	2	3
OG0001329	1	2	3
OG0001330	1	2	3
OG0001331	2	1	3
OG0001332	2	1	3
OG0001333	1	2	3
OG0001334	1	2	3
OG0001335	1	2	3
OG0001336	1	2	3
OG0001337	1	2	3
OG0001338	3	0	3
OG0001339	1	2	3
OG0001340	1	2	3
OG0001341	1	2	3
OG0001342	1	2	3
OG0001343	1	2	3
OG0001344	1	2	3
OG0001345	1	2	3
OG0001346	1	2	3
OG0001347	1	2	3
OG0001348	1	2	3
OG0001349	3	0	3
OG0001350	3	0	3
OG0001351	1	2	3
OG0001352	3	0	3
OG0001353	3	0	3
OG0001354	1	2	3
OG0001355	1	2	3
OG0001356	1	2	3
OG0001357	1	2	3
OG0001358	1	2	3
OG0001359	1	2	3
OG0001360	1	2	3
OG0001361	1	2	3
OG0001362	1	2	3
OG0001363	0	3	3
OG0001364	0	3	3
OG0001365	0	3	3
OG0001366	0	3	3
OG0001367	0	3	3
OG0001368	0	3	3
OG0001369	0	3	3
OG0001370	0	3	3
OG0001371	0	3	3
OG0001372	0	3	3
OG0001373	0	3	3
OG0001374	0	3	3
OG0001375	0	3	3
OG0001376	0	3	3
OG0001377	0	3	3
OG0001378	0	3	3
OG0001379	0	3	3
OG0001380	0	3	3
OG0001381	0	3	3
OG0001382	0	3	3
OG0001383	0	3	3
OG0001384	0	3	3
OG0001385	0	3	3
OG0001386	0	3	3
OG0001387	0	3	3
OG0001388	0	3	3
OG0001389	0	3	3
OG0001390	0	3	3
OG0001391	0	3	3
OG0001392	0	3	3
OG0001393	0	3	3
OG0001394	0	3	3
OG0001395	0	3	3
OG0001396	0	3	3
OG0001397	0	3	3
OG0001398	0	3	3
OG0001399	0	3	3
OG0001400	0	3	3
OG0001401	0	3	3
OG0001402	0	3	3
OG0001403	0	3	3
OG0001404	0	3	3
OG0001405	0	3	3
OG0001406	0	3	3
OG0001407	0	3	3
OG0001408	0	3	3
OG0001409	0	3	3
OG0001410	0	3	3
OG0001411	0	3	3
OG0001412	0	3	3
OG0001413	0	3	3
OG0001414	0	3	3
OG0001415	0	3	3
OG0001416	0	3	3
OG0001417	0	3	3
OG0001418	0	3	3
OG0001419	0	3	3
OG0001420	0	3	3
OG0001421	0	3	3
OG0001422	0	3	3
OG0001423	0	3	3
OG0001424	0	3	3
OG0001425	0	3	3
OG0001426	0	3	3
OG0001427	0	3	3
OG0001428	0	3	3
OG0001429	0	3	3
OG0001430	0	3	3
OG0001431	0	3	3
OG0001432	0	3	3
OG0001433	0	3	3
OG0001434	0	3	3
OG0001435	0	3	3
OG0001436	0	3	3
OG0001437	0	3	3
OG0001438	0	3	3
OG0001439	0	3	3
OG0001440	0	3	3
OG0001441	0	3	3
OG0001442	0	3	3
OG0001443	0	3	3
OG0001444	0	3	3
OG0001445	0	3	3
OG0001446	0	3	3
OG0001447	0	3	3
OG0001448	0	3	3
OG0001449	0	3	3
OG0001450	0	3	3
OG0001451	0	3	3
OG0001452	0	3	3
OG0001453	0	3	3
OG0001454	0	3	3
OG0001455	0	3	3
OG0001456	0	3	3
OG0001457	0	3	3
OG0001458	0	3	3
OG0001459	0	3	3
OG0001460	0	3	3
OG0001461	0	3	3
OG0001462	0	3	3
OG0001463	0	3	3
OG0001464	0	3	3
OG0001465	0	3	3
OG0001466	0	3	3
OG0001467	0	3	3
OG0001468	0	3	3
OG0001469	0	3	3
OG0001470	0	3	3
OG0001471	0	3	3
OG0001472	0	3	3
OG0001473	0	3	3
OG0001474	0	3	3
OG0001475	0	3	3
OG0001476	0	3	3
OG0001477	0	3	3
OG0001478	0	3	3
OG0001479	0	3	3
OG0001480	0	3	3
OG0001481	0	3	3
OG0001482	0	3	3
OG0001483	0	3	3
OG0001484	0	3	3
OG0001485	0	3	3
OG0001486	0	3	3
OG0001487	0	3	3
OG0001488	0	3	3
OG0001489	0	3	3
OG0001490	0	3	3
OG0001491	0	3	3
OG0001492	0	3	3
OG0001493	0	3	3
OG0001494	0	3	3
OG0001495	0	3	3
OG0001496	0	3	3
OG0001497	0	3	3
OG0001498	0	3	3
OG0001499	0	3	3
OG0001500	0	3	3
OG0001501	0	3	3
OG0001502	0	3	3
OG0001503	0	3	3
OG0001504	0	3	3
OG0001505	0	3	3
OG0001506	0	3	3
OG0001507	0	3	3
OG0001508	0	3	3
OG0001509	0	3	3
OG0001510	0	3	3
OG0001511	0	3	3
OG0001512	1	1	2
OG0001513	1	1	2
OG0001514	1	1	2
OG0001515	2	0	2
OG0001516	2	0	2
OG0001517	2	0	2
OG0001518	1	1	2
OG0001519	1	1	2
OG0001520	1	1	2
OG0001521	2	0	2
OG0001522	2	0	2
OG0001523	1	1	2
OG0001524	1	1	2
OG0001525	2	0	2
OG0001526	1	1	2
OG0001527	1	1	2
OG0001528	1	1	2
OG0001529	1	1	2
OG0001530	1	1	2
OG0001531	1	1	2
OG0001532	1	1	2
OG0001533	1	1	2
OG0001534	1	1	2
OG0001535	2	0	2
OG0001536	1	1	2
OG0001537	1	1	2
OG0001538	1	1	2
OG0001539	1	1	2
OG0001540	1	1	2
OG0001541	1	1	2
OG0001542	1	1	2
OG0001543	1	1	2
OG0001544	1	1	2
OG0001545	1	1	2
OG0001546	1	1	2
OG0001547	1	1	2
OG0001548	1	1	2
OG0001549	1	1	2
OG0001550	1	1	2
OG0001551	1	1	2
OG0001552	1	1	2
OG0001553	1	1	2
OG0001554	1	1	2
OG0001555	1	1	2
OG0001556	1	1	2
OG0001557	2	0	2
OG0001558	1	1	2
OG0001559	1	1	2
OG0001560	1	1	2
OG0001561	1	1	2
OG0001562	1	1	2
OG0001563	1	1	2
OG0001564	1	1	2
OG0001565	1	1	2
OG0001566	1	1	2
OG0001567	1	1	2
OG0001568	1	1	2
OG0001569	1	1	2
OG0001570	1	1	2
OG0001571	1	1	2
OG0001572	1	1	2
OG0001573	1	1	2
OG0001574	1	1	2
OG0001575	1	1	2
OG0001576	1	1	2
OG0001577	1	1	2
OG0001578	1	1	2
OG0001579	1	1	2
OG0001580	1	1	2
OG0001581	1	1	2
OG0001582	1	1	2
OG0001583	1	1	2
OG0001584	1	1	2
OG0001585	1	1	2
OG0001586	1	1	2
OG0001587	2	0	2
OG0001588	1	1	2
OG0001589	1	1	2
OG0001590	1	1	2
OG0001591	1	1	2
OG0001592	1	1	2
OG0001593	1	1	2
OG0001594	1	1	2
OG0001595	1	1	2
OG0001596	1	1	2
OG0001597	1	1	2
OG0001598	1	1	2
OG0001599	1	1	2
OG0001600	1	1	2
OG0001601	1	1	2
OG0001602	1	1	2
OG0001603	1	1	2
OG0001604	1	1	2
OG0001605	1	1	2
OG0001606	1	1	2
OG0001607	1	1	2
OG0001608	1	1	2
OG0001609	1	1	2
OG0001610	1	1	2
OG0001611	1	1	2
OG0001612	1	1	2
OG0001613	2	0	2
OG0001614	1	1	2
OG0001615	1	1	2
OG0001616	1	1	2
OG0001617	1	1	2
OG0001618	1	1	2
OG0001619	1	1	2
OG0001620	1	1	2
OG0001621	1	1	2
OG0001622	1	1	2
OG0001623	1	1	2
OG0001624	1	1	2
OG0001625	1	1	2
OG0001626	1	1	2
OG0001627	1	1	2
OG0001628	1	1	2
OG0001629	1	1	2
OG0001630	1	1	2
OG0001631	1	1	2
OG0001632	1	1	2
OG0001633	2	0	2
OG0001634	1	1	2
OG0001635	1	1	2
OG0001636	1	1	2
OG0001637	1	1	2
OG0001638	1	1	2
OG0001639	1	1	2
OG0001640	1	1	2
OG0001641	1	1	2
OG0001642	1	1	2
OG0001643	1	1	2
OG0001644	1	1	2
OG0001645	2	0	2
OG0001646	1	1	2
OG0001647	1	1	2
OG0001648	2	0	2
OG0001649	1	1	2
OG0001650	1	1	2
OG0001651	1	1	2
OG0001652	1	1	2
OG0001653	1	1	2
OG0001654	1	1	2
OG0001655	1	1	2
OG0001656	1	1	2
OG0001657	1	1	2
OG0001658	1	1	2
OG0001659	1	1	2
OG0001660	1	1	2
OG0001661	1	1	2
OG0001662	1	1	2
OG0001663	1	1	2
OG0001664	1	1	2
OG0001665	2	0	2
OG0001666	1	1	2
OG0001667	1	1	2
OG0001668	1	1	2
OG0001669	1	1	2
OG0001670	1	1	2
OG0001671	1	1	2
OG0001672	1	1	2
OG0001673	1	1	2
OG0001674	1	1	2
OG0001675	1	1	2
OG0001676	1	1	2
OG0001677	2	0	2
OG0001678	1	1	2
OG0001679	1	1	2
OG0001680	1	1	2
OG0001681	1	1	2
OG0001682	1	1	2
OG0001683	1	1	2
OG0001684	2	0	2
OG0001685	1	1	2
OG0001686	1	1	2
OG0001687	1	1	2
OG0001688	1	1	2
OG0001689	1	1	2
OG0001690	1	1	2
OG0001691	1	1	2
OG0001692	1	1	2
OG0001693	1	1	2
OG0001694	1	1	2
OG0001695	1	1	2
OG0001696	1	1	2
OG0001697	1	1	2
OG0001698	1	1	2
OG0001699	1	1	2
OG0001700	1	1	2
OG0001701	1	1	2
OG0001702	2	0	2
OG0001703	1	1	2
OG0001704	1	1	2
OG0001705	1	1	2
OG0001706	1	1	2
OG0001707	1	1	2
OG0001708	2	0	2
OG0001709	2	0	2
OG0001710	1	1	2
OG0001711	1	1	2
OG0001712	1	1	2
OG0001713	2	0	2
OG0001714	1	1	2
OG0001715	1	1	2
OG0001716	2	0	2
OG0001717	1	1	2
OG0001718	1	1	2
OG0001719	1	1	2
OG0001720	1	1	2
OG0001721	1	1	2
OG0001722	1	1	2
OG0001723	2	0	2
OG0001724	1	1	2
OG0001725	1	1	2
OG0001726	1	1	2
OG0001727	1	1	2
OG0001728	1	1	2
OG0001729	1	1	2
OG0001730	1	1	2
OG0001731	1	1	2
OG0001732	1	1	2
OG0001733	1	1	2
OG0001734	2	0	2
OG0001735	2	0	2
OG0001736	1	1	2
OG0001737	1	1	2
OG0001738	1	1	2
OG0001739	1	1	2
OG0001740	1	1	2
OG0001741	2	0	2
OG0001742	1	1	2
OG0001743	1	1	2
OG0001744	1	1	2
OG0001745	1	1	2
OG0001746	2	0	2
OG0001747	1	1	2
OG0001748	1	1	2
OG0001749	2	0	2
OG0001750	1	1	2
OG0001751	1	1	2
OG0001752	1	1	2
OG0001753	1	1	2
OG0001754	1	1	2
OG0001755	1	1	2
OG0001756	1	1	2
OG0001757	1	1	2
OG0001758	1	1	2
OG0001759	2	0	2
OG0001760	1	1	2
OG0001761	1	1	2
OG0001762	1	1	2
OG0001763	1	1	2
OG0001764	1	1	2
OG0001765	1	1	2
OG0001766	2	0	2
OG0001767	2	0	2
OG0001768	1	1	2
OG0001769	1	1	2
OG0001770	1	1	2
OG0001771	1	1	2
OG0001772	2	0	2
OG0001773	1	1	2
OG0001774	2	0	2
OG0001775	1	1	2
OG0001776	1	1	2
OG0001777	1	1	2
OG0001778	1	1	2
OG0001779	1	1	2
OG0001780	1	1	2
OG0001781	1	1	2
OG0001782	1	1	2
OG0001783	1	1	2
OG0001784	1	1	2
OG0001785	1	1	2
OG0001786	1	1	2
OG0001787	1	1	2
OG0001788	1	1	2
OG0001789	2	0	2
OG0001790	1	1	2
OG0001791	1	1	2
OG0001792	1	1	2
OG0001793	2	0	2
OG0001794	1	1	2
OG0001795	1	1	2
OG0001796	1	1	2
OG0001797	1	1	2
OG0001798	1	1	2
OG0001799	1	1	2
OG0001800	1	1	2
OG0001801	2	0	2
OG0001802	1	1	2
OG0001803	1	1	2
OG0001804	1	1	2
OG0001805	1	1	2
OG0001806	1	1	2
OG0001807	1	1	2
OG0001808	1	1	2
OG0001809	1	1	2
OG0001810	2	0	2
OG0001811	1	1	2
OG0001812	1	1	2
OG0001813	1	1	2
OG0001814	1	1	2
OG0001815	1	1	2
OG0001816	1	1	2
OG0001817	1	1	2
OG0001818	1	1	2
OG0001819	1	1	2
OG0001820	1	1	2
OG0001821	1	1	2
OG0001822	1	1	2
OG0001823	1	1	2
OG0001824	1	1	2
OG0001825	1	1	2
OG0001826	2	0	2
OG0001827	1	1	2
OG0001828	1	1	2
OG0001829	2	0	2
OG0001830	1	1	2
OG0001831	1	1	2
OG0001832	2	0	2
OG0001833	1	1	2
OG0001834	1	1	2
OG0001835	1	1	2
OG0001836	1	1	2
OG0001837	1	1	2
OG0001838	2	0	2
OG0001839	1	1	2
OG0001840	1	1	2
OG0001841	1	1	2
OG0001842	1	1	2
OG0001843	1	1	2
OG0001844	1	1	2
OG0001845	1	1	2
OG0001846	1	1	2
OG0001847	1	1	2
OG0001848	1	1	2
OG0001849	1	1	2
OG0001850	1	1	2
OG0001851	1	1	2
OG0001852	1	1	2
OG0001853	1	1	2
OG0001854	1	1	2
OG0001855	1	1	2
OG0001856	1	1	2
OG0001857	1	1	2
OG0001858	1	1	2
OG0001859	1	1	2
OG0001860	1	1	2
OG0001861	1	1	2
OG0001862	1	1	2
OG0001863	1	1	2
OG0001864	1	1	2
OG0001865	1	1	2
OG0001866	1	1	2
OG0001867	1	1	2
OG0001868	1	1	2
OG0001869	1	1	2
OG0001870	1	1	2
OG0001871	1	1	2
OG0001872	1	1	2
OG0001873	2	0	2
OG0001874	1	1	2
OG0001875	1	1	2
OG0001876	1	1	2
OG0001877	1	1	2
OG0001878	1	1	2
OG0001879	1	1	2
OG0001880	1	1	2
OG0001881	2	0	2
OG0001882	1	1	2
OG0001883	1	1	2
OG0001884	1	1	2
OG0001885	1	1	2
OG0001886	1	1	2
OG0001887	1	1	2
OG0001888	1	1	2
OG0001889	1	1	2
OG0001890	1	1	2
OG0001891	1	1	2
OG0001892	2	0	2
OG0001893	1	1	2
OG0001894	1	1	2
OG0001895	2	0	2
OG0001896	1	1	2
OG0001897	1	1	2
OG0001898	1	1	2
OG0001899	1	1	2
OG0001900	1	1	2
OG0001901	1	1	2
OG0001902	1	1	2
OG0001903	1	1	2
OG0001904	1	1	2
OG0001905	1	1	2
OG0001906	2	0	2
OG0001907	1	1	2
OG0001908	1	1	2
OG0001909	1	1	2
OG0001910	1	1	2
OG0001911	1	1	2
OG0001912	1	1	2
OG0001913	2	0	2
OG0001914	2	0	2
OG0001915	2	0	2
OG0001916	1	1	2
OG0001917	1	1	2
OG0001918	1	1	2
OG0001919	1	1	2
OG0001920	1	1	2
OG0001921	1	1	2
OG0001922	1	1	2
OG0001923	1	1	2
OG0001924	1	1	2
OG0001925	1	1	2
OG0001926	1	1	2
OG0001927	1	1	2
OG0001928	1	1	2
OG0001929	2	0	2
OG0001930	1	1	2
OG0001931	1	1	2
OG0001932	1	1	2
OG0001933	1	1	2
OG0001934	1	1	2
OG0001935	1	1	2
OG0001936	1	1	2
OG0001937	1	1	2
OG0001938	1	1	2
OG0001939	1	1	2
OG0001940	1	1	2
OG0001941	2	0	2
OG0001942	1	1	2
OG0001943	1	1	2
OG0001944	1	1	2
OG0001945	1	1	2
OG0001946	1	1	2
OG0001947	1	1	2
OG0001948	1	1	2
OG0001949	1	1	2
OG0001950	2	0	2
OG0001951	1	1	2
OG0001952	1	1	2
OG0001953	1	1	2
OG0001954	1	1	2
OG0001955	1	1	2
OG0001956	1	1	2
OG0001957	1	1	2
OG0001958	2	0	2
OG0001959	1	1	2
OG0001960	1	1	2
OG0001961	1	1	2
OG0001962	1	1	2
OG0001963	2	0	2
OG0001964	1	1	2
OG0001965	1	1	2
OG0001966	1	1	2
OG0001967	1	1	2
OG0001968	1	1	2
OG0001969	2	0	2
OG0001970	1	1	2
OG0001971	1	1	2
OG0001972	1	1	2
OG0001973	1	1	2
OG0001974	2	0	2
OG0001975	1	1	2
OG0001976	1	1	2
OG0001977	1	1	2
OG0001978	2	0	2
OG0001979	1	1	2
OG0001980	1	1	2
OG0001981	2	0	2
OG0001982	1	1	2
OG0001983	1	1	2
OG0001984	1	1	2
OG0001985	1	1	2
OG0001986	1	1	2
OG0001987	1	1	2
OG0001988	2	0	2
OG0001989	1	1	2
OG0001990	1	1	2
OG0001991	1	1	2
OG0001992	1	1	2
OG0001993	1	1	2
OG0001994	1	1	2
OG0001995	1	1	2
OG0001996	1	1	2
OG0001997	1	1	2
OG0001998	1	1	2
OG0001999	1	1	2
OG0002000	1	1	2
OG0002001	1	1	2
OG0002002	1	1	2
OG0002003	1	1	2
OG0002004	1	1	2
OG0002005	1	1	2
OG0002006	1	1	2
OG0002007	1	1	2
OG0002008	1	1	2
OG0002009	1	1	2
OG0002010	1	1	2
OG0002011	1	1	2
OG0002012	1	1	2
OG0002013	1	1	2
OG0002014	1	1	2
OG0002015	1	1	2
OG0002016	1	1	2
OG0002017	1	1	2
OG0002018	1	1	2
OG0002019	1	1	2
OG0002020	1	1	2
OG0002021	2	0	2
OG0002022	1	1	2
OG0002023	2	0	2
OG0002024	1	1	2
OG0002025	1	1	2
OG0002026	1	1	2
OG0002027	2	0	2
OG0002028	1	1	2
OG0002029	1	1	2
OG0002030	1	1	2
OG0002031	1	1	2
OG0002032	1	1	2
OG0002033	1	1	2
OG0002034	1	1	2
OG0002035	1	1	2
OG0002036	1	1	2
OG0002037	1	1	2
OG0002038	1	1	2
OG0002039	1	1	2
OG0002040	1	1	2
OG0002041	1	1	2
OG0002042	1	1	2
OG0002043	1	1	2
OG0002044	1	1	2
OG0002045	2	0	2
OG0002046	1	1	2
OG0002047	1	1	2
OG0002048	1	1	2
OG0002049	1	1	2
OG0002050	1	1	2
OG0002051	1	1	2
OG0002052	2	0	2
OG0002053	2	0	2
OG0002054	1	1	2
OG0002055	1	1	2
OG0002056	1	1	2
OG0002057	1	1	2
OG0002058	1	1	2
OG0002059	1	1	2
OG0002060	1	1	2
OG0002061	2	0	2
OG0002062	2	0	2
OG0002063	1	1	2
OG0002064	1	1	2
OG0002065	2	0	2
OG0002066	1	1	2
OG0002067	1	1	2
OG0002068	1	1	2
OG0002069	1	1	2
OG0002070	1	1	2
OG0002071	1	1	2
OG0002072	1	1	2
OG0002073	1	1	2
OG0002074	1	1	2
OG0002075	1	1	2
OG0002076	1	1	2
OG0002077	1	1	2
OG0002078	2	0	2
OG0002079	1	1	2
OG0002080	1	1	2
OG0002081	1	1	2
OG0002082	1	1	2
OG0002083	1	1	2
OG0002084	1	1	2
OG0002085	1	1	2
OG0002086	1	1	2
OG0002087	1	1	2
OG0002088	1	1	2
OG0002089	1	1	2
OG0002090	1	1	2
OG0002091	1	1	2
OG0002092	1	1	2
OG0002093	1	1	2
OG0002094	1	1	2
OG0002095	1	1	2
OG0002096	1	1	2
OG0002097	2	0	2
OG0002098	1	1	2
OG0002099	1	1	2
OG0002100	1	1	2
OG0002101	1	1	2
OG0002102	1	1	2
OG0002103	1	1	2
OG0002104	1	1	2
OG0002105	1	1	2
OG0002106	2	0	2
OG0002107	1	1	2
OG0002108	2	0	2
OG0002109	1	1	2
OG0002110	1	1	2
OG0002111	2	0	2
OG0002112	1	1	2
OG0002113	1	1	2
OG0002114	1	1	2
OG0002115	1	1	2
OG0002116	1	1	2
OG0002117	1	1	2
OG0002118	1	1	2
OG0002119	1	1	2
OG0002120	1	1	2
OG0002121	1	1	2
OG0002122	1	1	2
OG0002123	1	1	2
OG0002124	1	1	2
OG0002125	1	1	2
OG0002126	1	1	2
OG0002127	1	1	2
OG0002128	1	1	2
OG0002129	1	1	2
OG0002130	2	0	2
OG0002131	1	1	2
OG0002132	1	1	2
OG0002133	1	1	2
OG0002134	1	1	2
OG0002135	1	1	2
OG0002136	1	1	2
OG0002137	1	1	2
OG0002138	1	1	2
OG0002139	1	1	2
OG0002140	1	1	2
OG0002141	1	1	2
OG0002142	1	1	2
OG0002143	1	1	2
OG0002144	1	1	2
OG0002145	1	1	2
OG0002146	1	1	2
OG0002147	1	1	2
OG0002148	1	1	2
OG0002149	1	1	2
OG0002150	1	1	2
OG0002151	1	1	2
OG0002152	1	1	2
OG0002153	1	1	2
OG0002154	1	1	2
OG0002155	1	1	2
OG0002156	1	1	2
OG0002157	1	1	2
OG0002158	1	1	2
OG0002159	1	1	2
OG0002160	2	0	2
OG0002161	1	1	2
OG0002162	1	1	2
OG0002163	1	1	2
OG0002164	2	0	2
OG0002165	1	1	2
OG0002166	1	1	2
OG0002167	2	0	2
OG0002168	1	1	2
OG0002169	2	0	2
OG0002170	1	1	2
OG0002171	1	1	2
OG0002172	2	0	2
OG0002173	1	1	2
OG0002174	1	1	2
OG0002175	1	1	2
OG0002176	1	1	2
OG0002177	1	1	2
OG0002178	1	1	2
OG0002179	1	1	2
OG0002180	1	1	2
OG0002181	1	1	2
OG0002182	1	1	2
OG0002183	1	1	2
OG0002184	1	1	2
OG0002185	2	0	2
OG0002186	1	1	2
OG0002187	1	1	2
OG0002188	2	0	2
OG0002189	1	1	2
OG0002190	1	1	2
OG0002191	1	1	2
OG0002192	1	1	2
OG0002193	2	0	2
OG0002194	1	1	2
OG0002195	1	1	2
OG0002196	1	1	2
OG0002197	1	1	2
OG0002198	1	1	2
OG0002199	1	1	2
OG0002200	1	1	2
OG0002201	1	1	2
OG0002202	1	1	2
OG0002203	1	1	2
OG0002204	1	1	2
OG0002205	1	1	2
OG0002206	1	1	2
OG0002207	1	1	2
OG0002208	1	1	2
OG0002209	1	1	2
OG0002210	1	1	2
OG0002211	1	1	2
OG0002212	1	1	2
OG0002213	1	1	2
OG0002214	1	1	2
OG0002215	1	1	2
OG0002216	1	1	2
OG0002217	2	0	2
OG0002218	1	1	2
OG0002219	1	1	2
OG0002220	1	1	2
OG0002221	1	1	2
OG0002222	1	1	2
OG0002223	1	1	2
OG0002224	1	1	2
OG0002225	1	1	2
OG0002226	1	1	2
OG0002227	1	1	2
OG0002228	1	1	2
OG0002229	1	1	2
OG0002230	1	1	2
OG0002231	1	1	2
OG0002232	1	1	2
OG0002233	1	1	2
OG0002234	1	1	2
OG0002235	1	1	2
OG0002236	1	1	2
OG0002237	1	1	2
OG0002238	1	1	2
OG0002239	1	1	2
OG0002240	1	1	2
OG0002241	1	1	2
OG0002242	1	1	2
OG0002243	1	1	2
OG0002244	1	1	2
OG0002245	1	1	2
OG0002246	1	1	2
OG0002247	1	1	2
OG0002248	1	1	2
OG0002249	1	1	2
OG0002250	1	1	2
OG0002251	1	1	2
OG0002252	1	1	2
OG0002253	1	1	2
OG0002254	1	1	2
OG0002255	1	1	2
OG0002256	1	1	2
OG0002257	1	1	2
OG0002258	1	1	2
OG0002259	1	1	2
OG0002260	1	1	2
OG0002261	1	1	2
OG0002262	1	1	2
OG0002263	1	1	2
OG0002264	1	1	2
OG0002265	1	1	2
OG0002266	1	1	2
OG0002267	1	1	2
OG0002268	2	0	2
OG0002269	1	1	2
OG0002270	1	1	2
OG0002271	1	1	2
OG0002272	1	1	2
OG0002273	1	1	2
OG0002274	1	1	2
OG0002275	1	1	2
OG0002276	1	1	2
OG0002277	1	1	2
OG0002278	2	0	2
OG0002279	1	1	2
OG0002280	1	1	2
OG0002281	2	0	2
OG0002282	2	0	2
OG0002283	1	1	2
OG0002284	1	1	2
OG0002285	1	1	2
OG0002286	1	1	2
OG0002287	1	1	2
OG0002288	1	1	2
OG0002289	1	1	2
OG0002290	2	0	2
OG0002291	1	1	2
OG0002292	1	1	2
OG0002293	1	1	2
OG0002294	1	1	2
OG0002295	1	1	2
OG0002296	1	1	2
OG0002297	1	1	2
OG0002298	1	1	2
OG0002299	1	1	2
OG0002300	1	1	2
OG0002301	1	1	2
OG0002302	1	1	2
OG0002303	1	1	2
OG0002304	1	1	2
OG0002305	1	1	2
OG0002306	1	1	2
OG0002307	1	1	2
OG0002308	1	1	2
OG0002309	1	1	2
OG0002310	1	1	2
OG0002311	1	1	2
OG0002312	1	1	2
OG0002313	1	1	2
OG0002314	1	1	2
OG0002315	1	1	2
OG0002316	2	0	2
OG0002317	1	1	2
OG0002318	1	1	2
OG0002319	1	1	2
OG0002320	1	1	2
OG0002321	1	1	2
OG0002322	1	1	2
OG0002323	1	1	2
OG0002324	1	1	2
OG0002325	1	1	2
OG0002326	1	1	2
OG0002327	2	0	2
OG0002328	1	1	2
OG0002329	1	1	2
OG0002330	1	1	2
OG0002331	1	1	2
OG0002332	1	1	2
OG0002333	1	1	2
OG0002334	1	1	2
OG0002335	1	1	2
OG0002336	1	1	2
OG0002337	1	1	2
OG0002338	1	1	2
OG0002339	1	1	2
OG0002340	1	1	2
OG0002341	1	1	2
OG0002342	1	1	2
OG0002343	1	1	2
OG0002344	1	1	2
OG0002345	1	1	2
OG0002346	1	1	2
OG0002347	1	1	2
OG0002348	1	1	2
OG0002349	1	1	2
OG0002350	1	1	2
OG0002351	1	1	2
OG0002352	2	0	2
OG0002353	1	1	2
OG0002354	1	1	2
OG0002355	1	1	2
OG0002356	1	1	2
OG0002357	1	1	2
OG0002358	2	0	2
OG0002359	1	1	2
OG0002360	2	0	2
OG0002361	1	1	2
OG0002362	1	1	2
OG0002363	1	1	2
OG0002364	1	1	2
OG0002365	1	1	2
OG0002366	1	1	2
OG0002367	1	1	2
OG0002368	1	1	2
OG0002369	1	1	2
OG0002370	1	1	2
OG0002371	1	1	2
OG0002372	1	1	2
OG0002373	1	1	2
OG0002374	1	1	2
OG0002375	1	1	2
OG0002376	1	1	2
OG0002377	1	1	2
OG0002378	1	1	2
OG0002379	1	1	2
OG0002380	1	1	2
OG0002381	1	1	2
OG0002382	1	1	2
OG0002383	1	1	2
OG0002384	1	1	2
OG0002385	1	1	2
OG0002386	1	1	2
OG0002387	1	1	2
OG0002388	1	1	2
OG0002389	1	1	2
OG0002390	1	1	2
OG0002391	1	1	2
OG0002392	1	1	2
OG0002393	1	1	2
OG0002394	2	0	2
OG0002395	1	1	2
OG0002396	1	1	2
OG0002397	1	1	2
OG0002398	1	1	2
OG0002399	1	1	2
OG0002400	1	1	2
OG0002401	1	1	2
OG0002402	1	1	2
OG0002403	1	1	2
OG0002404	1	1	2
OG0002405	1	1	2
OG0002406	1	1	2
OG0002407	1	1	2
OG0002408	1	1	2
OG0002409	1	1	2
OG0002410	1	1	2
OG0002411	1	1	2
OG0002412	1	1	2
OG0002413	1	1	2
OG0002414	1	1	2
OG0002415	1	1	2
OG0002416	1	1	2
OG0002417	1	1	2
OG0002418	1	1	2
OG0002419	1	1	2
OG0002420	1	1	2
OG0002421	1	1	2
OG0002422	1	1	2
OG0002423	1	1	2
OG0002424	1	1	2
OG0002425	1	1	2
OG0002426	1	1	2
OG0002427	1	1	2
OG0002428	1	1	2
OG0002429	1	1	2
OG0002430	2	0	2
OG0002431	2	0	2
OG0002432	1	1	2
OG0002433	1	1	2
OG0002434	2	0	2
OG0002435	1	1	2
OG0002436	1	1	2
OG0002437	1	1	2
OG0002438	1	1	2
OG0002439	2	0	2
OG0002440	1	1	2
OG0002441	1	1	2
OG0002442	1	1	2
OG0002443	1	1	2
OG0002444	1	1	2
OG0002445	1	1	2
OG0002446	1	1	2
OG0002447	1	1	2
OG0002448	1	1	2
OG0002449	1	1	2
OG0002450	1	1	2
OG0002451	1	1	2
OG0002452	1	1	2
OG0002453	1	1	2
OG0002454	1	1	2
OG0002455	1	1	2
OG0002456	2	0	2
OG0002457	1	1	2
OG0002458	1	1	2
OG0002459	1	1	2
OG0002460	1	1	2
OG0002461	1	1	2
OG0002462	1	1	2
OG0002463	1	1	2
OG0002464	1	1	2
OG0002465	1	1	2
OG0002466	1	1	2
OG0002467	1	1	2
OG0002468	1	1	2
OG0002469	1	1	2
OG0002470	1	1	2
OG0002471	1	1	2
OG0002472	1	1	2
OG0002473	1	1	2
OG0002474	1	1	2
OG0002475	1	1	2
OG0002476	1	1	2
OG0002477	2	0	2
OG0002478	1	1	2
OG0002479	1	1	2
OG0002480	1	1	2
OG0002481	1	1	2
OG0002482	1	1	2
OG0002483	1	1	2
OG0002484	1	1	2
OG0002485	1	1	2
OG0002486	2	0	2
OG0002487	1	1	2
OG0002488	1	1	2
OG0002489	1	1	2
OG0002490	1	1	2
OG0002491	1	1	2
OG0002492	1	1	2
OG0002493	1	1	2
OG0002494	1	1	2
OG0002495	1	1	2
OG0002496	1	1	2
OG0002497	1	1	2
OG0002498	1	1	2
OG0002499	1	1	2
OG0002500	1	1	2
OG0002501	1	1	2
OG0002502	1	1	2
OG0002503	1	1	2
OG0002504	1	1	2
OG0002505	1	1	2
OG0002506	1	1	2
OG0002507	2	0	2
OG0002508	1	1	2
OG0002509	2	0	2
OG0002510	1	1	2
OG0002511	1	1	2
OG0002512	1	1	2
OG0002513	1	1	2
OG0002514	1	1	2
OG0002515	1	1	2
OG0002516	1	1	2
OG0002517	1	1	2
OG0002518	1	1	2
OG0002519	1	1	2
OG0002520	2	0	2
OG0002521	1	1	2
OG0002522	1	1	2
OG0002523	1	1	2
OG0002524	1	1	2
OG0002525	1	1	2
OG0002526	1	1	2
OG0002527	1	1	2
OG0002528	1	1	2
OG0002529	1	1	2
OG0002530	2	0	2
OG0002531	1	1	2
OG0002532	1	1	2
OG0002533	2	0	2
OG0002534	1	1	2
OG0002535	2	0	2
OG0002536	1	1	2
OG0002537	1	1	2
OG0002538	1	1	2
OG0002539	2	0	2
OG0002540	1	1	2
OG0002541	1	1	2
OG0002542	1	1	2
OG0002543	1	1	2
OG0002544	1	1	2
OG0002545	1	1	2
OG0002546	1	1	2
OG0002547	1	1	2
OG0002548	1	1	2
OG0002549	1	1	2
OG0002550	1	1	2
OG0002551	2	0	2
OG0002552	1	1	2
OG0002553	2	0	2
OG0002554	2	0	2
OG0002555	1	1	2
OG0002556	2	0	2
OG0002557	1	1	2
OG0002558	1	1	2
OG0002559	2	0	2
OG0002560	1	1	2
OG0002561	1	1	2
OG0002562	1	1	2
OG0002563	2	0	2
OG0002564	2	0	2
OG0002565	2	0	2
OG0002566	1	1	2
OG0002567	2	0	2
OG0002568	1	1	2
OG0002569	1	1	2
OG0002570	1	1	2
OG0002571	1	1	2
OG0002572	1	1	2
OG0002573	1	1	2
OG0002574	1	1	2
OG0002575	1	1	2
OG0002576	1	1	2
OG0002577	2	0	2
OG0002578	1	1	2
OG0002579	1	1	2
OG0002580	1	1	2
OG0002581	1	1	2
OG0002582	1	1	2
OG0002583	1	1	2
OG0002584	1	1	2
OG0002585	1	1	2
OG0002586	1	1	2
OG0002587	1	1	2
OG0002588	1	1	2
OG0002589	1	1	2
OG0002590	2	0	2
OG0002591	1	1	2
OG0002592	1	1	2
OG0002593	1	1	2
OG0002594	1	1	2
OG0002595	1	1	2
OG0002596	1	1	2
OG0002597	1	1	2
OG0002598	1	1	2
OG0002599	1	1	2
OG0002600	1	1	2
OG0002601	1	1	2
OG0002602	1	1	2
OG0002603	1	1	2
OG0002604	1	1	2
OG0002605	1	1	2
OG0002606	1	1	2
OG0002607	1	1	2
OG0002608	1	1	2
OG0002609	1	1	2
OG0002610	1	1	2
OG0002611	1	1	2
OG0002612	1	1	2
OG0002613	1	1	2
OG0002614	1	1	2
OG0002615	1	1	2
OG0002616	1	1	2
OG0002617	1	1	2
OG0002618	1	1	2
OG0002619	1	1	2
OG0002620	1	1	2
OG0002621	1	1	2
OG0002622	1	1	2
OG0002623	1	1	2
OG0002624	1	1	2
OG0002625	1	1	2
OG0002626	1	1	2
OG0002627	1	1	2
OG0002628	1	1	2
OG0002629	2	0	2
OG0002630	1	1	2
OG0002631	1	1	2
OG0002632	1	1	2
OG0002633	1	1	2
OG0002634	1	1	2
OG0002635	1	1	2
OG0002636	1	1	2
OG0002637	1	1	2
OG0002638	1	1	2
OG0002639	1	1	2
OG0002640	1	1	2
OG0002641	1	1	2
OG0002642	1	1	2
OG0002643	1	1	2
OG0002644	1	1	2
OG0002645	1	1	2
OG0002646	1	1	2
OG0002647	1	1	2
OG0002648	1	1	2
OG0002649	1	1	2
OG0002650	1	1	2
OG0002651	1	1	2
OG0002652	2	0	2
OG0002653	1	1	2
OG0002654	1	1	2
OG0002655	1	1	2
OG0002656	1	1	2
OG0002657	1	1	2
OG0002658	1	1	2
OG0002659	1	1	2
OG0002660	1	1	2
OG0002661	1	1	2
OG0002662	1	1	2
OG0002663	1	1	2
OG0002664	1	1	2
OG0002665	1	1	2
OG0002666	1	1	2
OG0002667	1	1	2
OG0002668	1	1	2
OG0002669	1	1	2
OG0002670	1	1	2
OG0002671	1	1	2
OG0002672	1	1	2
OG0002673	1	1	2
OG0002674	1	1	2
OG0002675	1	1	2
OG0002676	1	1	2
OG0002677	1	1	2
OG0002678	1	1	2
OG0002679	1	1	2
OG0002680	1	1	2
OG0002681	1	1	2
OG0002682	1	1	2
OG0002683	1	1	2
OG0002684	1	1	2
OG0002685	1	1	2
OG0002686	1	1	2
OG0002687	1	1	2
OG0002688	1	1	2
OG0002689	1	1	2
OG0002690	1	1	2
OG0002691	1	1	2
OG0002692	1	1	2
OG0002693	1	1	2
OG0002694	1	1	2
OG0002695	1	1	2
OG0002696	1	1	2
OG0002697	1	1	2
OG0002698	1	1	2
OG0002699	1	1	2
OG0002700	1	1	2
OG0002701	1	1	2
OG0002702	1	1	2
OG0002703	1	1	2
OG0002704	1	1	2
OG0002705	2	0	2
OG0002706	1	1	2
OG0002707	2	0	2
OG0002708	1	1	2
OG0002709	1	1	2
OG0002710	1	1	2
OG0002711	1	1	2
OG0002712	1	1	2
OG0002713	1	1	2
OG0002714	1	1	2
OG0002715	1	1	2
OG0002716	1	1	2
OG0002717	1	1	2
OG0002718	1	1	2
OG0002719	1	1	2
OG0002720	1	1	2
OG0002721	1	1	2
OG0002722	1	1	2
OG0002723	1	1	2
OG0002724	1	1	2
OG0002725	1	1	2
OG0002726	1	1	2
OG0002727	1	1	2
OG0002728	2	0	2
OG0002729	1	1	2
OG0002730	1	1	2
OG0002731	1	1	2
OG0002732	1	1	2
OG0002733	1	1	2
OG0002734	2	0	2
OG0002735	1	1	2
OG0002736	1	1	2
OG0002737	1	1	2
OG0002738	2	0	2
OG0002739	1	1	2
OG0002740	1	1	2
OG0002741	1	1	2
OG0002742	1	1	2
OG0002743	1	1	2
OG0002744	1	1	2
OG0002745	1	1	2
OG0002746	2	0	2
OG0002747	1	1	2
OG0002748	1	1	2
OG0002749	1	1	2
OG0002750	1	1	2
OG0002751	1	1	2
OG0002752	1	1	2
OG0002753	1	1	2
OG0002754	1	1	2
OG0002755	2	0	2
OG0002756	1	1	2
OG0002757	1	1	2
OG0002758	1	1	2
OG0002759	1	1	2
OG0002760	2	0	2
OG0002761	1	1	2
OG0002762	1	1	2
OG0002763	1	1	2
OG0002764	1	1	2
OG0002765	1	1	2
OG0002766	1	1	2
OG0002767	1	1	2
OG0002768	1	1	2
OG0002769	1	1	2
OG0002770	1	1	2
OG0002771	1	1	2
OG0002772	2	0	2
OG0002773	1	1	2
OG0002774	1	1	2
OG0002775	1	1	2
OG0002776	1	1	2
OG0002777	2	0	2
OG0002778	1	1	2
OG0002779	1	1	2
OG0002780	2	0	2
OG0002781	1	1	2
OG0002782	1	1	2
OG0002783	1	1	2
OG0002784	1	1	2
OG0002785	1	1	2
OG0002786	1	1	2
OG0002787	1	1	2
OG0002788	1	1	2
OG0002789	1	1	2
OG0002790	1	1	2
OG0002791	1	1	2
OG0002792	1	1	2
OG0002793	1	1	2
OG0002794	1	1	2
OG0002795	1	1	2
OG0002796	2	0	2
OG0002797	1	1	2
OG0002798	1	1	2
OG0002799	1	1	2
OG0002800	1	1	2
OG0002801	2	0	2
OG0002802	2	0	2
OG0002803	1	1	2
OG0002804	1	1	2
OG0002805	1	1	2
OG0002806	1	1	2
OG0002807	1	1	2
OG0002808	1	1	2
OG0002809	1	1	2
OG0002810	1	1	2
OG0002811	1	1	2
OG0002812	1	1	2
OG0002813	2	0	2
OG0002814	1	1	2
OG0002815	1	1	2
OG0002816	1	1	2
OG0002817	1	1	2
OG0002818	1	1	2
OG0002819	1	1	2
OG0002820	1	1	2
OG0002821	2	0	2
OG0002822	1	1	2
OG0002823	2	0	2
OG0002824	1	1	2
OG0002825	1	1	2
OG0002826	1	1	2
OG0002827	1	1	2
OG0002828	1	1	2
OG0002829	1	1	2
OG0002830	2	0	2
OG0002831	2	0	2
OG0002832	1	1	2
OG0002833	1	1	2
OG0002834	1	1	2
OG0002835	1	1	2
OG0002836	1	1	2
OG0002837	1	1	2
OG0002838	1	1	2
OG0002839	1	1	2
OG0002840	1	1	2
OG0002841	1	1	2
OG0002842	1	1	2
OG0002843	1	1	2
OG0002844	1	1	2
OG0002845	1	1	2
OG0002846	1	1	2
OG0002847	1	1	2
OG0002848	1	1	2
OG0002849	1	1	2
OG0002850	1	1	2
OG0002851	2	0	2
OG0002852	1	1	2
OG0002853	1	1	2
OG0002854	1	1	2
OG0002855	1	1	2
OG0002856	1	1	2
OG0002857	1	1	2
OG0002858	1	1	2
OG0002859	1	1	2
OG0002860	1	1	2
OG0002861	1	1	2
OG0002862	2	0	2
OG0002863	1	1	2
OG0002864	2	0	2
OG0002865	1	1	2
OG0002866	1	1	2
OG0002867	1	1	2
OG0002868	1	1	2
OG0002869	1	1	2
OG0002870	1	1	2
OG0002871	1	1	2
OG0002872	1	1	2
OG0002873	1	1	2
OG0002874	1	1	2
OG0002875	1	1	2
OG0002876	1	1	2
OG0002877	1	1	2
OG0002878	2	0	2
OG0002879	2	0	2
OG0002880	2	0	2
OG0002881	2	0	2
OG0002882	2	0	2
OG0002883	1	1	2
OG0002884	1	1	2
OG0002885	2	0	2
OG0002886	2	0	2
OG0002887	1	1	2
OG0002888	1	1	2
OG0002889	2	0	2
OG0002890	1	1	2
OG0002891	2	0	2
OG0002892	1	1	2
OG0002893	1	1	2
OG0002894	1	1	2
OG0002895	1	1	2
OG0002896	1	1	2
OG0002897	1	1	2
OG0002898	1	1	2
OG0002899	1	1	2
OG0002900	1	1	2
OG0002901	1	1	2
OG0002902	2	0	2
OG0002903	1	1	2
OG0002904	1	1	2
OG0002905	1	1	2
OG0002906	1	1	2
OG0002907	1	1	2
OG0002908	1	1	2
OG0002909	1	1	2
OG0002910	1	1	2
OG0002911	1	1	2
OG0002912	1	1	2
OG0002913	2	0	2
OG0002914	2	0	2
OG0002915	1	1	2
OG0002916	1	1	2
OG0002917	1	1	2
OG0002918	1	1	2
OG0002919	1	1	2
OG0002920	1	1	2
OG0002921	1	1	2
OG0002922	1	1	2
OG0002923	1	1	2
OG0002924	1	1	2
OG0002925	1	1	2
OG0002926	1	1	2
OG0002927	1	1	2
OG0002928	1	1	2
OG0002929	1	1	2
OG0002930	1	1	2
OG0002931	1	1	2
OG0002932	1	1	2
OG0002933	1	1	2
OG0002934	1	1	2
OG0002935	1	1	2
OG0002936	1	1	2
OG0002937	1	1	2
OG0002938	1	1	2
OG0002939	1	1	2
OG0002940	1	1	2
OG0002941	1	1	2
OG0002942	1	1	2
OG0002943	1	1	2
OG0002944	1	1	2
OG0002945	1	1	2
OG0002946	1	1	2
OG0002947	1	1	2
OG0002948	1	1	2
OG0002949	2	0	2
OG0002950	1	1	2
OG0002951	1	1	2
OG0002952	1	1	2
OG0002953	1	1	2
OG0002954	1	1	2
OG0002955	1	1	2
OG0002956	2	0	2
OG0002957	1	1	2
OG0002958	1	1	2
OG0002959	1	1	2
OG0002960	1	1	2
OG0002961	1	1	2
OG0002962	1	1	2
OG0002963	1	1	2
OG0002964	1	1	2
OG0002965	1	1	2
OG0002966	1	1	2
OG0002967	1	1	2
OG0002968	1	1	2
OG0002969	1	1	2
OG0002970	2	0	2
OG0002971	2	0	2
OG0002972	1	1	2
OG0002973	1	1	2
OG0002974	1	1	2
OG0002975	1	1	2
OG0002976	1	1	2
OG0002977	1	1	2
OG0002978	1	1	2
OG0002979	1	1	2
OG0002980	1	1	2
OG0002981	1	1	2
OG0002982	1	1	2
OG0002983	1	1	2
OG0002984	2	0	2
OG0002985	1	1	2
OG0002986	1	1	2
OG0002987	1	1	2
OG0002988	1	1	2
OG0002989	1	1	2
OG0002990	1	1	2
OG0002991	2	0	2
OG0002992	1	1	2
OG0002993	1	1	2
OG0002994	2	0	2
OG0002995	1	1	2
OG0002996	1	1	2
OG0002997	1	1	2
OG0002998	1	1	2
OG0002999	1	1	2
OG0003000	1	1	2
OG0003001	2	0	2
OG0003002	2	0	2
OG0003003	1	1	2
OG0003004	1	1	2
OG0003005	1	1	2
OG0003006	1	1	2
OG0003007	2	0	2
OG0003008	2	0	2
OG0003009	2	0	2
OG0003010	1	1	2
OG0003011	1	1	2
OG0003012	1	1	2
OG0003013	1	1	2
OG0003014	2	0	2
OG0003015	1	1	2
OG0003016	1	1	2
OG0003017	1	1	2
OG0003018	1	1	2
OG0003019	1	1	2
OG0003020	2	0	2
OG0003021	1	1	2
OG0003022	1	1	2
OG0003023	1	1	2
OG0003024	1	1	2
OG0003025	1	1	2
OG0003026	1	1	2
OG0003027	1	1	2
OG0003028	1	1	2
OG0003029	1	1	2
OG0003030	1	1	2
OG0003031	1	1	2
OG0003032	1	1	2
OG0003033	1	1	2
OG0003034	2	0	2
OG0003035	1	1	2
OG0003036	2	0	2
OG0003037	2	0	2
OG0003038	1	1	2
OG0003039	1	1	2
OG0003040	2	0	2
OG0003041	1	1	2
OG0003042	1	1	2
OG0003043	1	1	2
OG0003044	2	0	2
OG0003045	1	1	2
OG0003046	1	1	2
OG0003047	1	1	2
OG0003048	1	1	2
OG0003049	1	1	2
OG0003050	1	1	2
OG0003051	1	1	2
OG0003052	1	1	2
OG0003053	1	1	2
OG0003054	1	1	2
OG0003055	1	1	2
OG0003056	2	0	2
OG0003057	1	1	2
OG0003058	1	1	2
OG0003059	1	1	2
OG0003060	1	1	2
OG0003061	1	1	2
OG0003062	2	0	2
OG0003063	1	1	2
OG0003064	2	0	2
OG0003065	2	0	2
OG0003066	1	1	2
OG0003067	1	1	2
OG0003068	1	1	2
OG0003069	1	1	2
OG0003070	1	1	2
OG0003071	1	1	2
OG0003072	2	0	2
OG0003073	1	1	2
OG0003074	1	1	2
OG0003075	1	1	2
OG0003076	1	1	2
OG0003077	1	1	2
OG0003078	1	1	2
OG0003079	1	1	2
OG0003080	2	0	2
OG0003081	1	1	2
OG0003082	1	1	2
OG0003083	1	1	2
OG0003084	1	1	2
OG0003085	1	1	2
OG0003086	1	1	2
OG0003087	1	1	2
OG0003088	1	1	2
OG0003089	1	1	2
OG0003090	1	1	2
OG0003091	1	1	2
OG0003092	1	1	2
OG0003093	1	1	2
OG0003094	1	1	2
OG0003095	1	1	2
OG0003096	1	1	2
OG0003097	1	1	2
OG0003098	1	1	2
OG0003099	1	1	2
OG0003100	1	1	2
OG0003101	1	1	2
OG0003102	1	1	2
OG0003103	1	1	2
OG0003104	1	1	2
OG0003105	1	1	2
OG0003106	1	1	2
OG0003107	1	1	2
OG0003108	2	0	2
OG0003109	1	1	2
OG0003110	1	1	2
OG0003111	2	0	2
OG0003112	1	1	2
OG0003113	1	1	2
OG0003114	1	1	2
OG0003115	1	1	2
OG0003116	1	1	2
OG0003117	1	1	2
OG0003118	1	1	2
OG0003119	1	1	2
OG0003120	1	1	2
OG0003121	1	1	2
OG0003122	1	1	2
OG0003123	1	1	2
OG0003124	2	0	2
OG0003125	1	1	2
OG0003126	1	1	2
OG0003127	1	1	2
OG0003128	1	1	2
OG0003129	2	0	2
OG0003130	1	1	2
OG0003131	1	1	2
OG0003132	1	1	2
OG0003133	2	0	2
OG0003134	1	1	2
OG0003135	2	0	2
OG0003136	1	1	2
OG0003137	1	1	2
OG0003138	1	1	2
OG0003139	1	1	2
OG0003140	1	1	2
OG0003141	1	1	2
OG0003142	1	1	2
OG0003143	1	1	2
OG0003144	1	1	2
OG0003145	1	1	2
OG0003146	1	1	2
OG0003147	1	1	2
OG0003148	1	1	2
OG0003149	2	0	2
OG0003150	1	1	2
OG0003151	1	1	2
OG0003152	1	1	2
OG0003153	1	1	2
OG0003154	1	1	2
OG0003155	1	1	2
OG0003156	1	1	2
OG0003157	1	1	2
OG0003158	1	1	2
OG0003159	1	1	2
OG0003160	1	1	2
OG0003161	1	1	2
OG0003162	1	1	2
OG0003163	1	1	2
OG0003164	2	0	2
OG0003165	1	1	2
OG0003166	1	1	2
OG0003167	1	1	2
OG0003168	1	1	2
OG0003169	1	1	2
OG0003170	1	1	2
OG0003171	1	1	2
OG0003172	2	0	2
OG0003173	1	1	2
OG0003174	1	1	2
OG0003175	1	1	2
OG0003176	1	1	2
OG0003177	1	1	2
OG0003178	1	1	2
OG0003179	1	1	2
OG0003180	1	1	2
OG0003181	1	1	2
OG0003182	1	1	2
OG0003183	1	1	2
OG0003184	1	1	2
OG0003185	1	1	2
OG0003186	1	1	2
OG0003187	1	1	2
OG0003188	1	1	2
OG0003189	1	1	2
OG0003190	2	0	2
OG0003191	1	1	2
OG0003192	1	1	2
OG0003193	1	1	2
OG0003194	1	1	2
OG0003195	1	1	2
OG0003196	1	1	2
OG0003197	1	1	2
OG0003198	1	1	2
OG0003199	1	1	2
OG0003200	1	1	2
OG0003201	1	1	2
OG0003202	1	1	2
OG0003203	1	1	2
OG0003204	1	1	2
OG0003205	1	1	2
OG0003206	1	1	2
OG0003207	1	1	2
OG0003208	1	1	2
OG0003209	2	0	2
OG0003210	1	1	2
OG0003211	2	0	2
OG0003212	1	1	2
OG0003213	1	1	2
OG0003214	1	1	2
OG0003215	1	1	2
OG0003216	1	1	2
OG0003217	1	1	2
OG0003218	1	1	2
OG0003219	1	1	2
OG0003220	2	0	2
OG0003221	1	1	2
OG0003222	2	0	2
OG0003223	1	1	2
OG0003224	1	1	2
OG0003225	1	1	2
OG0003226	1	1	2
OG0003227	1	1	2
OG0003228	1	1	2
OG0003229	2	0	2
OG0003230	1	1	2
OG0003231	1	1	2
OG0003232	1	1	2
OG0003233	2	0	2
OG0003234	1	1	2
OG0003235	1	1	2
OG0003236	1	1	2
OG0003237	2	0	2
OG0003238	1	1	2
OG0003239	1	1	2
OG0003240	1	1	2
OG0003241	1	1	2
OG0003242	2	0	2
OG0003243	1	1	2
OG0003244	1	1	2
OG0003245	1	1	2
OG0003246	1	1	2
OG0003247	1	1	2
OG0003248	1	1	2
OG0003249	1	1	2
OG0003250	1	1	2
OG0003251	1	1	2
OG0003252	1	1	2
OG0003253	2	0	2
OG0003254	1	1	2
OG0003255	1	1	2
OG0003256	1	1	2
OG0003257	1	1	2
OG0003258	2	0	2
OG0003259	1	1	2
OG0003260	1	1	2
OG0003261	1	1	2
OG0003262	2	0	2
OG0003263	1	1	2
OG0003264	1	1	2
OG0003265	1	1	2
OG0003266	1	1	2
OG0003267	1	1	2
OG0003268	1	1	2
OG0003269	1	1	2
OG0003270	1	1	2
OG0003271	1	1	2
OG0003272	1	1	2
OG0003273	1	1	2
OG0003274	1	1	2
OG0003275	1	1	2
OG0003276	1	1	2
OG0003277	2	0	2
OG0003278	1	1	2
OG0003279	1	1	2
OG0003280	1	1	2
OG0003281	1	1	2
OG0003282	1	1	2
OG0003283	1	1	2
OG0003284	1	1	2
OG0003285	1	1	2
OG0003286	1	1	2
OG0003287	1	1	2
OG0003288	1	1	2
OG0003289	1	1	2
OG0003290	1	1	2
OG0003291	1	1	2
OG0003292	1	1	2
OG0003293	1	1	2
OG0003294	1	1	2
OG0003295	1	1	2
OG0003296	1	1	2
OG0003297	1	1	2
OG0003298	2	0	2
OG0003299	1	1	2
OG0003300	1	1	2
OG0003301	1	1	2
OG0003302	2	0	2
OG0003303	1	1	2
OG0003304	1	1	2
OG0003305	1	1	2
OG0003306	1	1	2
OG0003307	1	1	2
OG0003308	1	1	2
OG0003309	1	1	2
OG0003310	1	1	2
OG0003311	1	1	2
OG0003312	2	0	2
OG0003313	1	1	2
OG0003314	1	1	2
OG0003315	1	1	2
OG0003316	2	0	2
OG0003317	1	1	2
OG0003318	1	1	2
OG0003319	1	1	2
OG0003320	1	1	2
OG0003321	1	1	2
OG0003322	1	1	2
OG0003323	1	1	2
OG0003324	1	1	2
OG0003325	2	0	2
OG0003326	2	0	2
OG0003327	2	0	2
OG0003328	1	1	2
OG0003329	1	1	2
OG0003330	1	1	2
OG0003331	1	1	2
OG0003332	1	1	2
OG0003333	1	1	2
OG0003334	1	1	2
OG0003335	1	1	2
OG0003336	1	1	2
OG0003337	1	1	2
OG0003338	1	1	2
OG0003339	2	0	2
OG0003340	1	1	2
OG0003341	1	1	2
OG0003342	1	1	2
OG0003343	1	1	2
OG0003344	1	1	2
OG0003345	2	0	2
OG0003346	1	1	2
OG0003347	1	1	2
OG0003348	2	0	2
OG0003349	2	0	2
OG0003350	1	1	2
OG0003351	1	1	2
OG0003352	1	1	2
OG0003353	1	1	2
OG0003354	1	1	2
OG0003355	1	1	2
OG0003356	1	1	2
OG0003357	1	1	2
OG0003358	1	1	2
OG0003359	1	1	2
OG0003360	2	0	2
OG0003361	1	1	2
OG0003362	1	1	2
OG0003363	1	1	2
OG0003364	1	1	2
OG0003365	1	1	2
OG0003366	1	1	2
OG0003367	1	1	2
OG0003368	1	1	2
OG0003369	1	1	2
OG0003370	1	1	2
OG0003371	1	1	2
OG0003372	1	1	2
OG0003373	1	1	2
OG0003374	1	1	2
OG0003375	1	1	2
OG0003376	1	1	2
OG0003377	2	0	2
OG0003378	1	1	2
OG0003379	1	1	2
OG0003380	1	1	2
OG0003381	1	1	2
OG0003382	1	1	2
OG0003383	1	1	2
OG0003384	1	1	2
OG0003385	1	1	2
OG0003386	1	1	2
OG0003387	2	0	2
OG0003388	1	1	2
OG0003389	1	1	2
OG0003390	1	1	2
OG0003391	1	1	2
OG0003392	1	1	2
OG0003393	1	1	2
OG0003394	1	1	2
OG0003395	1	1	2
OG0003396	1	1	2
OG0003397	1	1	2
OG0003398	2	0	2
OG0003399	1	1	2
OG0003400	1	1	2
OG0003401	1	1	2
OG0003402	1	1	2
OG0003403	1	1	2
OG0003404	1	1	2
OG0003405	1	1	2
OG0003406	1	1	2
OG0003407	1	1	2
OG0003408	1	1	2
OG0003409	1	1	2
OG0003410	1	1	2
OG0003411	1	1	2
OG0003412	1	1	2
OG0003413	1	1	2
OG0003414	1	1	2
OG0003415	2	0	2
OG0003416	1	1	2
OG0003417	1	1	2
OG0003418	1	1	2
OG0003419	1	1	2
OG0003420	1	1	2
OG0003421	1	1	2
OG0003422	1	1	2
OG0003423	2	0	2
OG0003424	1	1	2
OG0003425	1	1	2
OG0003426	1	1	2
OG0003427	1	1	2
OG0003428	1	1	2
OG0003429	1	1	2
OG0003430	1	1	2
OG0003431	1	1	2
OG0003432	1	1	2
OG0003433	1	1	2
OG0003434	1	1	2
OG0003435	1	1	2
OG0003436	1	1	2
OG0003437	1	1	2
OG0003438	1	1	2
OG0003439	1	1	2
OG0003440	1	1	2
OG0003441	1	1	2
OG0003442	2	0	2
OG0003443	1	1	2
OG0003444	1	1	2
OG0003445	1	1	2
OG0003446	1	1	2
OG0003447	1	1	2
OG0003448	1	1	2
OG0003449	1	1	2
OG0003450	1	1	2
OG0003451	1	1	2
OG0003452	1	1	2
OG0003453	1	1	2
OG0003454	2	0	2
OG0003455	1	1	2
OG0003456	1	1	2
OG0003457	1	1	2
OG0003458	1	1	2
OG0003459	1	1	2
OG0003460	1	1	2
OG0003461	1	1	2
OG0003462	1	1	2
OG0003463	1	1	2
OG0003464	1	1	2
OG0003465	2	0	2
OG0003466	1	1	2
OG0003467	1	1	2
OG0003468	1	1	2
OG0003469	2	0	2
OG0003470	1	1	2
OG0003471	2	0	2
OG0003472	1	1	2
OG0003473	1	1	2
OG0003474	1	1	2
OG0003475	1	1	2
OG0003476	2	0	2
OG0003477	1	1	2
OG0003478	1	1	2
OG0003479	1	1	2
OG0003480	1	1	2
OG0003481	1	1	2
OG0003482	1	1	2
OG0003483	1	1	2
OG0003484	2	0	2
OG0003485	1	1	2
OG0003486	1	1	2
OG0003487	2	0	2
OG0003488	1	1	2
OG0003489	1	1	2
OG0003490	1	1	2
OG0003491	1	1	2
OG0003492	1	1	2
OG0003493	1	1	2
OG0003494	1	1	2
OG0003495	1	1	2
OG0003496	1	1	2
OG0003497	1	1	2
OG0003498	1	1	2
OG0003499	1	1	2
OG0003500	1	1	2
OG0003501	1	1	2
OG0003502	1	1	2
OG0003503	2	0	2
OG0003504	2	0	2
OG0003505	1	1	2
OG0003506	1	1	2
OG0003507	1	1	2
OG0003508	1	1	2
OG0003509	1	1	2
OG0003510	1	1	2
OG0003511	1	1	2
OG0003512	1	1	2
OG0003513	1	1	2
OG0003514	1	1	2
OG0003515	1	1	2
OG0003516	1	1	2
OG0003517	1	1	2
OG0003518	1	1	2
OG0003519	1	1	2
OG0003520	1	1	2
OG0003521	1	1	2
OG0003522	2	0	2
OG0003523	1	1	2
OG0003524	1	1	2
OG0003525	1	1	2
OG0003526	1	1	2
OG0003527	1	1	2
OG0003528	2	0	2
OG0003529	1	1	2
OG0003530	1	1	2
OG0003531	1	1	2
OG0003532	1	1	2
OG0003533	1	1	2
OG0003534	1	1	2
OG0003535	1	1	2
OG0003536	1	1	2
OG0003537	1	1	2
OG0003538	1	1	2
OG0003539	1	1	2
OG0003540	1	1	2
OG0003541	1	1	2
OG0003542	1	1	2
OG0003543	1	1	2
OG0003544	1	1	2
OG0003545	1	1	2
OG0003546	1	1	2
OG0003547	1	1	2
OG0003548	1	1	2
OG0003549	1	1	2
OG0003550	1	1	2
OG0003551	1	1	2
OG0003552	1	1	2
OG0003553	1	1	2
OG0003554	1	1	2
OG0003555	1	1	2
OG0003556	1	1	2
OG0003557	1	1	2
OG0003558	1	1	2
OG0003559	1	1	2
OG0003560	2	0	2
OG0003561	1	1	2
OG0003562	1	1	2
OG0003563	1	1	2
OG0003564	1	1	2
OG0003565	1	1	2
OG0003566	1	1	2
OG0003567	1	1	2
OG0003568	1	1	2
OG0003569	1	1	2
OG0003570	1	1	2
OG0003571	2	0	2
OG0003572	1	1	2
OG0003573	1	1	2
OG0003574	1	1	2
OG0003575	1	1	2
OG0003576	1	1	2
OG0003577	1	1	2
OG0003578	1	1	2
OG0003579	1	1	2
OG0003580	1	1	2
OG0003581	1	1	2
OG0003582	1	1	2
OG0003583	1	1	2
OG0003584	1	1	2
OG0003585	1	1	2
OG0003586	1	1	2
OG0003587	1	1	2
OG0003588	1	1	2
OG0003589	1	1	2
OG0003590	1	1	2
OG0003591	1	1	2
OG0003592	2	0	2
OG0003593	1	1	2
OG0003594	1	1	2
OG0003595	1	1	2
OG0003596	1	1	2
OG0003597	1	1	2
OG0003598	1	1	2
OG0003599	1	1	2
OG0003600	1	1	2
OG0003601	2	0	2
OG0003602	1	1	2
OG0003603	1	1	2
OG0003604	1	1	2
OG0003605	1	1	2
OG0003606	1	1	2
OG0003607	2	0	2
OG0003608	1	1	2
OG0003609	1	1	2
OG0003610	1	1	2
OG0003611	1	1	2
OG0003612	1	1	2
OG0003613	2	0	2
OG0003614	1	1	2
OG0003615	1	1	2
OG0003616	1	1	2
OG0003617	1	1	2
OG0003618	1	1	2
OG0003619	1	1	2
OG0003620	1	1	2
OG0003621	1	1	2
OG0003622	1	1	2
OG0003623	1	1	2
OG0003624	2	0	2
OG0003625	1	1	2
OG0003626	1	1	2
OG0003627	1	1	2
OG0003628	1	1	2
OG0003629	1	1	2
OG0003630	1	1	2
OG0003631	1	1	2
OG0003632	1	1	2
OG0003633	1	1	2
OG0003634	1	1	2
OG0003635	1	1	2
OG0003636	1	1	2
OG0003637	1	1	2
OG0003638	1	1	2
OG0003639	1	1	2
OG0003640	1	1	2
OG0003641	1	1	2
OG0003642	1	1	2
OG0003643	1	1	2
OG0003644	1	1	2
OG0003645	2	0	2
OG0003646	1	1	2
OG0003647	1	1	2
OG0003648	1	1	2
OG0003649	1	1	2
OG0003650	1	1	2
OG0003651	1	1	2
OG0003652	1	1	2
OG0003653	1	1	2
OG0003654	1	1	2
OG0003655	1	1	2
OG0003656	1	1	2
OG0003657	1	1	2
OG0003658	1	1	2
OG0003659	1	1	2
OG0003660	1	1	2
OG0003661	1	1	2
OG0003662	1	1	2
OG0003663	1	1	2
OG0003664	2	0	2
OG0003665	1	1	2
OG0003666	1	1	2
OG0003667	1	1	2
OG0003668	1	1	2
OG0003669	1	1	2
OG0003670	1	1	2
OG0003671	1	1	2
OG0003672	1	1	2
OG0003673	1	1	2
OG0003674	1	1	2
OG0003675	1	1	2
OG0003676	1	1	2
OG0003677	1	1	2
OG0003678	1	1	2
OG0003679	1	1	2
OG0003680	1	1	2
OG0003681	2	0	2
OG0003682	1	1	2
OG0003683	1	1	2
OG0003684	1	1	2
OG0003685	2	0	2
OG0003686	1	1	2
OG0003687	1	1	2
OG0003688	1	1	2
OG0003689	1	1	2
OG0003690	1	1	2
OG0003691	1	1	2
OG0003692	1	1	2
OG0003693	1	1	2
OG0003694	1	1	2
OG0003695	1	1	2
OG0003696	1	1	2
OG0003697	1	1	2
OG0003698	1	1	2
OG0003699	1	1	2
OG0003700	1	1	2
OG0003701	1	1	2
OG0003702	1	1	2
OG0003703	1	1	2
OG0003704	1	1	2
OG0003705	1	1	2
OG0003706	1	1	2
OG0003707	1	1	2
OG0003708	1	1	2
OG0003709	1	1	2
OG0003710	1	1	2
OG0003711	1	1	2
OG0003712	1	1	2
OG0003713	1	1	2
OG0003714	1	1	2
OG0003715	1	1	2
OG0003716	1	1	2
OG0003717	2	0	2
OG0003718	1	1	2
OG0003719	1	1	2
OG0003720	1	1	2
OG0003721	1	1	2
OG0003722	2	0	2
OG0003723	1	1	2
OG0003724	1	1	2
OG0003725	1	1	2
OG0003726	2	0	2
OG0003727	1	1	2
OG0003728	1	1	2
OG0003729	1	1	2
OG0003730	1	1	2
OG0003731	1	1	2
OG0003732	1	1	2
OG0003733	1	1	2
OG0003734	1	1	2
OG0003735	1	1	2
OG0003736	1	1	2
OG0003737	1	1	2
OG0003738	1	1	2
OG0003739	1	1	2
OG0003740	1	1	2
OG0003741	1	1	2
OG0003742	1	1	2
OG0003743	1	1	2
OG0003744	1	1	2
OG0003745	1	1	2
OG0003746	1	1	2
OG0003747	1	1	2
OG0003748	1	1	2
OG0003749	2	0	2
OG0003750	1	1	2
OG0003751	1	1	2
OG0003752	1	1	2
OG0003753	1	1	2
OG0003754	1	1	2
OG0003755	2	0	2
OG0003756	1	1	2
OG0003757	1	1	2
OG0003758	1	1	2
OG0003759	1	1	2
OG0003760	1	1	2
OG0003761	1	1	2
OG0003762	1	1	2
OG0003763	1	1	2
OG0003764	1	1	2
OG0003765	1	1	2
OG0003766	1	1	2
OG0003767	2	0	2
OG0003768	1	1	2
OG0003769	1	1	2
OG0003770	1	1	2
OG0003771	1	1	2
OG0003772	1	1	2
OG0003773	1	1	2
OG0003774	1	1	2
OG0003775	1	1	2
OG0003776	2	0	2
OG0003777	1	1	2
OG0003778	1	1	2
OG0003779	1	1	2
OG0003780	1	1	2
OG0003781	1	1	2
OG0003782	1	1	2
OG0003783	1	1	2
OG0003784	1	1	2
OG0003785	1	1	2
OG0003786	1	1	2
OG0003787	1	1	2
OG0003788	1	1	2
OG0003789	1	1	2
OG0003790	1	1	2
OG0003791	1	1	2
OG0003792	2	0	2
OG0003793	1	1	2
OG0003794	1	1	2
OG0003795	1	1	2
OG0003796	1	1	2
OG0003797	1	1	2
OG0003798	1	1	2
OG0003799	1	1	2
OG0003800	1	1	2
OG0003801	1	1	2
OG0003802	1	1	2
OG0003803	1	1	2
OG0003804	1	1	2
OG0003805	2	0	2
OG0003806	2	0	2
OG0003807	1	1	2
OG0003808	1	1	2
OG0003809	1	1	2
OG0003810	1	1	2
OG0003811	1	1	2
OG0003812	1	1	2
OG0003813	1	1	2
OG0003814	1	1	2
OG0003815	1	1	2
OG0003816	1	1	2
OG0003817	1	1	2
OG0003818	1	1	2
OG0003819	1	1	2
OG0003820	1	1	2
OG0003821	1	1	2
OG0003822	1	1	2
OG0003823	1	1	2
OG0003824	1	1	2
OG0003825	1	1	2
OG0003826	1	1	2
OG0003827	1	1	2
OG0003828	1	1	2
OG0003829	1	1	2
OG0003830	1	1	2
OG0003831	1	1	2
OG0003832	1	1	2
OG0003833	1	1	2
OG0003834	1	1	2
OG0003835	1	1	2
OG0003836	1	1	2
OG0003837	1	1	2
OG0003838	1	1	2
OG0003839	1	1	2
OG0003840	2	0	2
OG0003841	1	1	2
OG0003842	1	1	2
OG0003843	1	1	2
OG0003844	1	1	2
OG0003845	1	1	2
OG0003846	1	1	2
OG0003847	1	1	2
OG0003848	1	1	2
OG0003849	1	1	2
OG0003850	1	1	2
OG0003851	1	1	2
OG0003852	1	1	2
OG0003853	1	1	2
OG0003854	2	0	2
OG0003855	1	1	2
OG0003856	1	1	2
OG0003857	1	1	2
OG0003858	2	0	2
OG0003859	1	1	2
OG0003860	1	1	2
OG0003861	1	1	2
OG0003862	1	1	2
OG0003863	1	1	2
OG0003864	1	1	2
OG0003865	1	1	2
OG0003866	1	1	2
OG0003867	1	1	2
OG0003868	1	1	2
OG0003869	1	1	2
OG0003870	1	1	2
OG0003871	1	1	2
OG0003872	1	1	2
OG0003873	1	1	2
OG0003874	1	1	2
OG0003875	1	1	2
OG0003876	1	1	2
OG0003877	1	1	2
OG0003878	1	1	2
OG0003879	2	0	2
OG0003880	1	1	2
OG0003881	1	1	2
OG0003882	1	1	2
OG0003883	1	1	2
OG0003884	1	1	2
OG0003885	1	1	2
OG0003886	1	1	2
OG0003887	1	1	2
OG0003888	1	1	2
OG0003889	1	1	2
OG0003890	1	1	2
OG0003891	1	1	2
OG0003892	1	1	2
OG0003893	1	1	2
OG0003894	1	1	2
OG0003895	1	1	2
OG0003896	1	1	2
OG0003897	1	1	2
OG0003898	1	1	2
OG0003899	1	1	2
OG0003900	2	0	2
OG0003901	1	1	2
OG0003902	1	1	2
OG0003903	1	1	2
OG0003904	1	1	2
OG0003905	1	1	2
OG0003906	1	1	2
OG0003907	1	1	2
OG0003908	1	1	2
OG0003909	1	1	2
OG0003910	1	1	2
OG0003911	1	1	2
OG0003912	1	1	2
OG0003913	2	0	2
OG0003914	1	1	2
OG0003915	1	1	2
OG0003916	2	0	2
OG0003917	2	0	2
OG0003918	1	1	2
OG0003919	1	1	2
OG0003920	1	1	2
OG0003921	1	1	2
OG0003922	1	1	2
OG0003923	1	1	2
OG0003924	1	1	2
OG0003925	1	1	2
OG0003926	1	1	2
OG0003927	1	1	2
OG0003928	1	1	2
OG0003929	1	1	2
OG0003930	1	1	2
OG0003931	1	1	2
OG0003932	1	1	2
OG0003933	1	1	2
OG0003934	1	1	2
OG0003935	1	1	2
OG0003936	1	1	2
OG0003937	1	1	2
OG0003938	1	1	2
OG0003939	1	1	2
OG0003940	1	1	2
OG0003941	1	1	2
OG0003942	1	1	2
OG0003943	1	1	2
OG0003944	1	1	2
OG0003945	2	0	2
OG0003946	2	0	2
OG0003947	2	0	2
OG0003948	2	0	2
OG0003949	2	0	2
OG0003950	1	1	2
OG0003951	2	0	2
OG0003952	2	0	2
OG0003953	2	0	2
OG0003954	1	1	2
OG0003955	2	0	2
OG0003956	2	0	2
OG0003957	2	0	2
OG0003958	1	1	2
OG0003959	1	1	2
OG0003960	1	1	2
OG0003961	1	1	2
OG0003962	1	1	2
OG0003963	2	0	2
OG0003964	1	1	2
OG0003965	1	1	2
OG0003966	2	0	2
OG0003967	1	1	2
OG0003968	1	1	2
OG0003969	1	1	2
OG0003970	1	1	2
OG0003971	1	1	2
OG0003972	1	1	2
OG0003973	1	1	2
OG0003974	1	1	2
OG0003975	1	1	2
OG0003976	1	1	2
OG0003977	1	1	2
OG0003978	1	1	2
OG0003979	1	1	2
OG0003980	1	1	2
OG0003981	1	1	2
OG0003982	1	1	2
OG0003983	1	1	2
OG0003984	1	1	2
OG0003985	1	1	2
OG0003986	1	1	2
OG0003987	1	1	2
OG0003988	1	1	2
OG0003989	1	1	2
OG0003990	1	1	2
OG0003991	1	1	2
OG0003992	1	1	2
OG0003993	1	1	2
OG0003994	1	1	2
OG0003995	1	1	2
OG0003996	1	1	2
OG0003997	1	1	2
OG0003998	1	1	2
OG0003999	1	1	2
OG0004000	1	1	2
OG0004001	1	1	2
OG0004002	1	1	2
OG0004003	1	1	2
OG0004004	1	1	2
OG0004005	1	1	2
OG0004006	1	1	2
OG0004007	1	1	2
OG0004008	1	1	2
OG0004009	1	1	2
OG0004010	1	1	2
OG0004011	1	1	2
OG0004012	1	1	2
OG0004013	1	1	2
OG0004014	1	1	2
OG0004015	1	1	2
OG0004016	1	1	2
OG0004017	1	1	2
OG0004018	1	1	2
OG0004019	1	1	2
OG0004020	2	0	2
OG0004021	1	1	2
OG0004022	1	1	2
OG0004023	1	1	2
OG0004024	2	0	2
OG0004025	1	1	2
OG0004026	2	0	2
OG0004027	2	0	2
OG0004028	2	0	2
OG0004029	2	0	2
OG0004030	1	1	2
OG0004031	1	1	2
OG0004032	1	1	2
OG0004033	2	0	2
OG0004034	1	1	2
OG0004035	1	1	2
OG0004036	1	1	2
OG0004037	1	1	2
OG0004038	2	0	2
OG0004039	2	0	2
OG0004040	2	0	2
OG0004041	1	1	2
OG0004042	2	0	2
OG0004043	1	1	2
OG0004044	1	1	2
OG0004045	1	1	2
OG0004046	1	1	2
OG0004047	1	1	2
OG0004048	1	1	2
OG0004049	1	1	2
OG0004050	1	1	2
OG0004051	1	1	2
OG0004052	1	1	2
OG0004053	1	1	2
OG0004054	1	1	2
OG0004055	1	1	2
OG0004056	1	1	2
OG0004057	1	1	2
OG0004058	1	1	2
OG0004059	1	1	2
OG0004060	1	1	2
OG0004061	1	1	2
OG0004062	1	1	2
OG0004063	1	1	2
OG0004064	1	1	2
OG0004065	1	1	2
OG0004066	1	1	2
OG0004067	1	1	2
OG0004068	1	1	2
OG0004069	1	1	2
OG0004070	1	1	2
OG0004071	1	1	2
OG0004072	1	1	2
OG0004073	1	1	2
OG0004074	1	1	2
OG0004075	1	1	2
OG0004076	1	1	2
OG0004077	1	1	2
OG0004078	1	1	2
OG0004079	1	1	2
OG0004080	1	1	2
OG0004081	1	1	2
OG0004082	1	1	2
OG0004083	1	1	2
OG0004084	1	1	2
OG0004085	1	1	2
OG0004086	1	1	2
OG0004087	1	1	2
OG0004088	1	1	2
OG0004089	1	1	2
OG0004090	1	1	2
OG0004091	1	1	2
OG0004092	1	1	2
OG0004093	1	1	2
OG0004094	1	1	2
OG0004095	1	1	2
OG0004096	1	1	2
OG0004097	1	1	2
OG0004098	1	1	2
OG0004099	1	1	2
OG0004100	1	1	2
OG0004101	1	1	2
OG0004102	1	1	2
OG0004103	1	1	2
OG0004104	1	1	2
OG0004105	1	1	2
OG0004106	1	1	2
OG0004107	1	1	2
OG0004108	1	1	2
OG0004109	1	1	2
OG0004110	1	1	2
OG0004111	1	1	2
OG0004112	1	1	2
OG0004113	1	1	2
OG0004114	1	1	2
OG0004115	1	1	2
OG0004116	1	1	2
OG0004117	1	1	2
OG0004118	1	1	2
OG0004119	1	1	2
OG0004120	1	1	2
OG0004121	1	1	2
OG0004122	1	1	2
OG0004123	1	1	2
OG0004124	1	1	2
OG0004125	1	1	2
OG0004126	1	1	2
OG0004127	1	1	2
OG0004128	1	1	2
OG0004129	1	1	2
OG0004130	1	1	2
OG0004131	0	2	2
OG0004132	0	2	2
OG0004133	0	2	2
OG0004134	0	2	2
OG0004135	0	2	2
OG0004136	0	2	2
OG0004137	0	2	2
OG0004138	0	2	2
OG0004139	0	2	2
OG0004140	0	2	2
OG0004141	0	2	2
OG0004142	0	2	2
OG0004143	0	2	2
OG0004144	0	2	2
OG0004145	0	2	2
OG0004146	0	2	2
OG0004147	0	2	2
OG0004148	0	2	2
OG0004149	0	2	2
OG0004150	0	2	2
OG0004151	0	2	2
OG0004152	0	2	2
OG0004153	0	2	2
OG0004154	0	2	2
OG0004155	0	2	2
OG0004156	0	2	2
OG0004157	0	2	2
OG0004158	0	2	2
OG0004159	0	2	2
OG0004160	0	2	2
OG0004161	0	2	2
OG0004162	0	2	2
OG0004163	0	2	2
OG0004164	0	2	2
OG0004165	0	2	2
OG0004166	0	2	2
OG0004167	0	2	2
OG0004168	0	2	2
OG0004169	0	2	2
OG0004170	0	2	2
OG0004171	0	2	2
OG0004172	0	2	2
OG0004173	0	2	2
OG0004174	0	2	2
OG0004175	0	2	2
OG0004176	0	2	2
OG0004177	0	2	2
OG0004178	0	2	2
OG0004179	0	2	2
OG0004180	0	2	2
OG0004181	0	2	2
OG0004182	0	2	2
OG0004183	0	2	2
OG0004184	0	2	2
OG0004185	0	2	2
OG0004186	0	2	2
OG0004187	0	2	2
OG0004188	0	2	2
OG0004189	0	2	2
OG0004190	0	2	2
OG0004191	0	2	2
OG0004192	0	2	2
OG0004193	0	2	2
OG0004194	0	2	2
OG0004195	0	2	2
OG0004196	0	2	2
OG0004197	0	2	2
OG0004198	0	2	2
OG0004199	0	2	2
OG0004200	0	2	2
OG0004201	0	2	2
OG0004202	0	2	2
OG0004203	0	2	2
OG0004204	0	2	2
OG0004205	0	2	2
OG0004206	0	2	2
OG0004207	0	2	2
OG0004208	0	2	2
OG0004209	0	2	2
OG0004210	0	2	2
OG0004211	0	2	2
OG0004212	0	2	2
OG0004213	0	2	2
OG0004214	0	2	2
OG0004215	0	2	2
OG0004216	0	2	2
OG0004217	0	2	2
OG0004218	0	2	2
OG0004219	0	2	2
OG0004220	0	2	2
OG0004221	0	2	2
OG0004222	0	2	2
OG0004223	0	2	2
OG0004224	0	2	2
OG0004225	0	2	2
OG0004226	0	2	2
OG0004227	0	2	2
OG0004228	0	2	2
OG0004229	0	2	2
OG0004230	0	2	2
OG0004231	0	2	2
OG0004232	0	2	2
OG0004233	0	2	2
OG0004234	0	2	2
OG0004235	0	2	2
OG0004236	0	2	2
OG0004237	0	2	2
OG0004238	0	2	2
OG0004239	0	2	2
OG0004240	0	2	2
OG0004241	0	2	2
OG0004242	0	2	2
OG0004243	0	2	2
OG0004244	0	2	2
OG0004245	0	2	2
OG0004246	0	2	2
OG0004247	0	2	2
OG0004248	0	2	2
OG0004249	0	2	2
OG0004250	0	2	2
OG0004251	0	2	2
OG0004252	0	2	2
OG0004253	0	2	2
OG0004254	0	2	2
OG0004255	0	2	2
OG0004256	0	2	2
OG0004257	0	2	2
OG0004258	0	2	2
OG0004259	0	2	2
OG0004260	0	2	2
OG0004261	0	2	2
OG0004262	0	2	2
OG0004263	0	2	2
OG0004264	0	2	2
OG0004265	0	2	2
OG0004266	0	2	2
OG0004267	0	2	2
OG0004268	0	2	2
OG0004269	0	2	2
OG0004270	0	2	2
OG0004271	0	2	2
OG0004272	0	2	2
OG0004273	0	2	2
OG0004274	0	2	2
OG0004275	0	2	2
OG0004276	0	2	2
OG0004277	0	2	2
OG0004278	0	2	2
OG0004279	0	2	2
OG0004280	0	2	2
OG0004281	0	2	2
OG0004282	0	2	2
OG0004283	0	2	2
OG0004284	0	2	2
OG0004285	0	2	2
OG0004286	0	2	2
OG0004287	0	2	2
OG0004288	0	2	2
OG0004289	0	2	2
OG0004290	0	2	2
OG0004291	0	2	2
OG0004292	0	2	2
OG0004293	0	2	2
OG0004294	0	2	2
OG0004295	0	2	2
OG0004296	0	2	2
OG0004297	0	2	2
OG0004298	0	2	2
OG0004299	0	2	2
OG0004300	0	2	2
OG0004301	0	2	2
OG0004302	0	2	2
OG0004303	0	2	2
OG0004304	0	2	2
OG0004305	0	2	2
OG0004306	0	2	2
OG0004307	0	2	2
OG0004308	0	2	2
OG0004309	0	2	2
OG0004310	0	2	2
OG0004311	0	2	2
OG0004312	0	2	2
OG0004313	0	2	2
OG0004314	0	2	2
OG0004315	0	2	2
OG0004316	0	2	2
OG0004317	0	2	2
OG0004318	0	2	2
OG0004319	0	2	2
OG0004320	0	2	2
OG0004321	0	2	2
OG0004322	0	2	2
OG0004323	0	2	2
OG0004324	0	2	2
OG0004325	0	2	2
OG0004326	0	2	2
OG0004327	0	2	2
OG0004328	0	2	2
OG0004329	0	2	2
OG0004330	0	2	2
OG0004331	0	2	2
OG0004332	0	2	2
OG0004333	0	2	2
OG0004334	0	2	2
OG0004335	0	2	2
OG0004336	0	2	2
OG0004337	0	2	2
OG0004338	0	2	2
OG0004339	0	2	2
OG0004340	0	2	2
OG0004341	0	2	2
OG0004342	0	2	2
OG0004343	0	2	2
OG0004344	0	2	2
OG0004345	0	2	2
OG0004346	0	2	2
OG0004347	0	2	2
OG0004348	0	2	2
OG0004349	0	2	2
OG0004350	0	2	2
OG0004351	0	2	2
OG0004352	0	2	2
OG0004353	0	2	2
OG0004354	0	2	2
OG0004355	0	2	2
OG0004356	0	2	2
OG0004357	0	2	2
OG0004358	0	2	2
OG0004359	0	2	2
OG0004360	0	2	2
OG0004361	0	2	2
OG0004362	0	2	2
OG0004363	0	2	2
OG0004364	0	2	2
OG0004365	0	2	2
OG0004366	0	2	2
OG0004367	0	2	2
OG0004368	0	2	2
OG0004369	0	2	2
OG0004370	0	2	2
OG0004371	0	2	2
OG0004372	0	2	2
OG0004373	0	2	2
OG0004374	0	2	2
OG0004375	0	2	2
OG0004376	0	2	2
OG0004377	0	2	2
OG0004378	0	2	2
OG0004379	0	2	2
OG0004380	0	2	2
OG0004381	0	2	2
OG0004382	0	2	2
OG0004383	0	2	2
OG0004384	0	2	2
OG0004385	0	2	2
OG0004386	0	2	2
OG0004387	0	2	2
OG0004388	0	2	2
OG0004389	0	2	2
OG0004390	0	2	2
OG0004391	0	2	2
OG0004392	0	2	2
OG0004393	0	2	2
OG0004394	0	2	2
OG0004395	0	2	2
OG0004396	0	2	2
OG0004397	0	2	2
OG0004398	0	2	2
OG0004399	0	2	2
OG0004400	0	2	2
OG0004401	0	2	2
OG0004402	0	2	2
OG0004403	0	2	2
OG0004404	0	2	2
OG0004405	0	2	2
OG0004406	0	2	2
OG0004407	0	2	2
OG0004408	0	2	2
OG0004409	0	2	2
OG0004410	0	2	2
OG0004411	0	2	2
OG0004412	0	2	2
OG0004413	0	2	2
OG0004414	0	2	2
OG0004415	0	2	2
OG0004416	0	2	2
OG0004417	0	2	2
OG0004418	0	2	2
OG0004419	0	2	2
OG0004420	0	2	2
OG0004421	0	2	2
OG0004422	0	2	2
OG0004423	0	2	2
OG0004424	0	2	2
OG0004425	0	2	2
OG0004426	0	2	2
OG0004427	0	2	2
OG0004428	0	2	2
OG0004429	0	2	2
OG0004430	0	2	2
OG0004431	0	2	2
OG0004432	0	2	2
OG0004433	0	2	2
OG0004434	0	2	2
OG0004435	0	2	2
OG0004436	0	2	2
OG0004437	0	2	2
OG0004438	0	2	2
OG0004439	0	2	2
OG0004440	0	2	2
OG0004441	0	2	2
OG0004442	0	2	2
OG0004443	0	2	2
OG0004444	0	2	2
OG0004445	0	2	2
OG0004446	0	2	2
OG0004447	0	2	2
OG0004448	0	2	2
OG0004449	0	2	2
OG0004450	0	2	2
OG0004451	0	2	2
OG0004452	0	2	2
OG0004453	0	2	2
OG0004454	0	2	2
OG0004455	0	2	2
OG0004456	0	2	2
OG0004457	0	2	2
OG0004458	0	2	2
OG0004459	0	2	2
OG0004460	0	2	2
OG0004461	0	2	2
OG0004462	0	2	2
OG0004463	0	2	2
OG0004464	0	2	2
OG0004465	0	2	2
OG0004466	0	2	2
OG0004467	0	2	2
OG0004468	0	2	2
OG0004469	0	2	2
OG0004470	0	2	2
OG0004471	0	2	2
OG0004472	0	2	2
OG0004473	0	2	2
OG0004474	0	2	2
OG0004475	0	2	2
OG0004476	0	2	2
OG0004477	0	2	2
OG0004478	0	2	2
OG0004479	0	2	2
OG0004480	0	2	2
OG0004481	0	2	2
OG0004482	0	2	2
OG0004483	0	2	2
OG0004484	0	2	2
OG0004485	0	2	2
OG0004486	0	2	2
OG0004487	0	2	2
OG0004488	0	2	2
OG0004489	0	2	2
OG0004490	0	2	2
OG0004491	0	2	2
OG0004492	0	2	2
OG0004493	0	2	2
OG0004494	0	2	2
OG0004495	0	2	2
OG0004496	0	2	2
OG0004497	0	2	2
OG0004498	0	2	2
OG0004499	0	2	2
OG0004500	0	2	2
OG0004501	0	2	2
OG0004502	0	2	2
OG0004503	0	2	2
OG0004504	0	2	2
OG0004505	0	2	2
OG0004506	0	2	2
OG0004507	0	2	2
OG0004508	0	2	2
OG0004509	0	2	2
OG0004510	0	2	2
OG0004511	0	2	2
OG0004512	0	2	2
OG0004513	0	2	2
OG0004514	0	2	2
OG0004515	0	2	2
OG0004516	0	2	2
OG0004517	0	2	2
OG0004518	0	2	2
OG0004519	0	2	2
