Orthogroup	kog_elegans_pos_go	protein_mansoni	Total
OG0000000	2	110	112
OG0000001	52	0	52
OG0000002	0	52	52
OG0000003	49	0	49
OG0000004	46	0	46
OG0000005	2	40	42
OG0000006	36	0	36
OG0000007	34	0	34
OG0000008	1	32	33
OG0000009	32	0	32
OG0000010	32	0	32
OG0000011	30	0	30
OG0000012	29	0	29
OG0000013	0	29	29
OG0000014	26	1	27
OG0000015	25	1	26
OG0000016	26	0	26
OG0000017	26	0	26
OG0000018	23	0	23
OG0000019	0	23	23
OG0000020	21	1	22
OG0000021	22	0	22
OG0000022	22	0	22
OG0000023	22	0	22
OG0000024	0	22	22
OG0000025	0	22	22
OG0000026	0	21	21
OG0000027	0	21	21
OG0000028	20	0	20
OG0000029	18	2	20
OG0000030	20	0	20
OG0000031	19	1	20
OG0000032	18	0	18
OG0000033	17	1	18
OG0000034	18	0	18
OG0000035	0	18	18
OG0000036	17	0	17
OG0000037	17	0	17
OG0000038	17	0	17
OG0000039	0	17	17
OG0000040	0	17	17
OG0000041	16	0	16
OG0000042	16	0	16
OG0000043	11	4	15
OG0000044	15	0	15
OG0000045	0	15	15
OG0000046	3	11	14
OG0000047	14	0	14
OG0000048	0	14	14
OG0000049	0	14	14
OG0000050	0	14	14
OG0000051	0	13	13
OG0000052	1	11	12
OG0000053	12	0	12
OG0000054	1	11	12
OG0000055	12	0	12
OG0000056	12	0	12
OG0000057	11	1	12
OG0000058	11	1	12
OG0000059	0	12	12
OG0000060	0	12	12
OG0000061	0	12	12
OG0000062	11	0	11
OG0000063	1	10	11
OG0000064	11	0	11
OG0000065	10	1	11
OG0000066	0	11	11
OG0000067	0	11	11
OG0000068	0	11	11
OG0000069	0	11	11
OG0000070	1	9	10
OG0000071	2	8	10
OG0000072	10	0	10
OG0000073	10	0	10
OG0000074	0	10	10
OG0000075	0	10	10
OG0000076	0	10	10
OG0000077	1	8	9
OG0000078	9	0	9
OG0000079	9	0	9
OG0000080	8	1	9
OG0000081	3	6	9
OG0000082	8	1	9
OG0000083	9	0	9
OG0000084	8	1	9
OG0000085	1	8	9
OG0000086	9	0	9
OG0000087	9	0	9
OG0000088	9	0	9
OG0000089	9	0	9
OG0000090	9	0	9
OG0000091	0	9	9
OG0000092	0	9	9
OG0000093	0	9	9
OG0000094	0	9	9
OG0000095	0	9	9
OG0000096	0	9	9
OG0000097	0	9	9
OG0000098	0	9	9
OG0000099	0	9	9
OG0000100	0	9	9
OG0000101	4	4	8
OG0000102	8	0	8
OG0000103	8	0	8
OG0000104	8	0	8
OG0000105	8	0	8
OG0000106	7	1	8
OG0000107	7	1	8
OG0000108	8	0	8
OG0000109	1	7	8
OG0000110	1	7	8
OG0000111	8	0	8
OG0000112	8	0	8
OG0000113	8	0	8
OG0000114	8	0	8
OG0000115	8	0	8
OG0000116	6	2	8
OG0000117	8	0	8
OG0000118	0	8	8
OG0000119	0	8	8
OG0000120	0	8	8
OG0000121	0	8	8
OG0000122	0	8	8
OG0000123	0	8	8
OG0000124	0	8	8
OG0000125	0	8	8
OG0000126	5	2	7
OG0000127	2	5	7
OG0000128	2	5	7
OG0000129	1	6	7
OG0000130	1	6	7
OG0000131	1	6	7
OG0000132	7	0	7
OG0000133	1	6	7
OG0000134	1	6	7
OG0000135	7	0	7
OG0000136	7	0	7
OG0000137	7	0	7
OG0000138	5	2	7
OG0000139	7	0	7
OG0000140	7	0	7
OG0000141	6	1	7
OG0000142	2	5	7
OG0000143	7	0	7
OG0000144	7	0	7
OG0000145	7	0	7
OG0000146	5	2	7
OG0000147	1	6	7
OG0000148	3	4	7
OG0000149	7	0	7
OG0000150	7	0	7
OG0000151	7	0	7
OG0000152	0	7	7
OG0000153	0	7	7
OG0000154	0	7	7
OG0000155	0	7	7
OG0000156	0	7	7
OG0000157	0	7	7
OG0000158	0	7	7
OG0000159	0	7	7
OG0000160	0	7	7
OG0000161	5	1	6
OG0000162	1	5	6
OG0000163	1	5	6
OG0000164	5	1	6
OG0000165	5	1	6
OG0000166	6	0	6
OG0000167	6	0	6
OG0000168	1	5	6
OG0000169	5	1	6
OG0000170	4	2	6
OG0000171	5	1	6
OG0000172	1	5	6
OG0000173	6	0	6
OG0000174	3	3	6
OG0000175	6	0	6
OG0000176	2	4	6
OG0000177	6	0	6
OG0000178	5	1	6
OG0000179	6	0	6
OG0000180	6	0	6
OG0000181	6	0	6
OG0000182	6	0	6
OG0000183	4	2	6
OG0000184	5	1	6
OG0000185	6	0	6
OG0000186	5	1	6
OG0000187	1	5	6
OG0000188	6	0	6
OG0000189	3	3	6
OG0000190	1	5	6
OG0000191	1	5	6
OG0000192	5	1	6
OG0000193	6	0	6
OG0000194	5	1	6
OG0000195	1	5	6
OG0000196	1	5	6
OG0000197	5	1	6
OG0000198	2	4	6
OG0000199	4	2	6
OG0000200	5	1	6
OG0000201	6	0	6
OG0000202	0	6	6
OG0000203	0	6	6
OG0000204	0	6	6
OG0000205	0	6	6
OG0000206	0	6	6
OG0000207	0	6	6
OG0000208	0	6	6
OG0000209	0	6	6
OG0000210	0	6	6
OG0000211	0	6	6
OG0000212	0	6	6
OG0000213	0	6	6
OG0000214	0	6	6
OG0000215	1	4	5
OG0000216	1	4	5
OG0000217	5	0	5
OG0000218	5	0	5
OG0000219	1	4	5
OG0000220	5	0	5
OG0000221	4	1	5
OG0000222	1	4	5
OG0000223	3	2	5
OG0000224	3	2	5
OG0000225	5	0	5
OG0000226	5	0	5
OG0000227	5	0	5
OG0000228	5	0	5
OG0000229	3	2	5
OG0000230	5	0	5
OG0000231	4	1	5
OG0000232	5	0	5
OG0000233	5	0	5
OG0000234	5	0	5
OG0000235	2	3	5
OG0000236	4	1	5
OG0000237	1	4	5
OG0000238	4	1	5
OG0000239	2	3	5
OG0000240	4	1	5
OG0000241	5	0	5
OG0000242	3	2	5
OG0000243	4	1	5
OG0000244	4	1	5
OG0000245	3	2	5
OG0000246	1	4	5
OG0000247	4	1	5
OG0000248	5	0	5
OG0000249	2	3	5
OG0000250	3	2	5
OG0000251	3	2	5
OG0000252	4	1	5
OG0000253	1	4	5
OG0000254	4	1	5
OG0000255	3	2	5
OG0000256	3	2	5
OG0000257	1	4	5
OG0000258	5	0	5
OG0000259	2	3	5
OG0000260	3	2	5
OG0000261	3	2	5
OG0000262	1	4	5
OG0000263	2	3	5
OG0000264	2	3	5
OG0000265	2	3	5
OG0000266	5	0	5
OG0000267	5	0	5
OG0000268	4	1	5
OG0000269	5	0	5
OG0000270	5	0	5
OG0000271	5	0	5
OG0000272	5	0	5
OG0000273	5	0	5
OG0000274	4	1	5
OG0000275	4	1	5
OG0000276	1	4	5
OG0000277	1	4	5
OG0000278	2	3	5
OG0000279	1	4	5
OG0000280	4	1	5
OG0000281	4	1	5
OG0000282	4	1	5
OG0000283	1	4	5
OG0000284	4	1	5
OG0000285	5	0	5
OG0000286	1	4	5
OG0000287	5	0	5
OG0000288	0	5	5
OG0000289	0	5	5
OG0000290	0	5	5
OG0000291	0	5	5
OG0000292	0	5	5
OG0000293	0	5	5
OG0000294	0	5	5
OG0000295	0	5	5
OG0000296	0	5	5
OG0000297	0	5	5
OG0000298	0	5	5
OG0000299	0	5	5
OG0000300	0	5	5
OG0000301	0	5	5
OG0000302	0	5	5
OG0000303	0	5	5
OG0000304	0	5	5
OG0000305	0	5	5
OG0000306	0	5	5
OG0000307	0	5	5
OG0000308	0	5	5
OG0000309	0	5	5
OG0000310	0	5	5
OG0000311	0	5	5
OG0000312	0	5	5
OG0000313	0	5	5
OG0000314	0	5	5
OG0000315	0	5	5
OG0000316	0	5	5
OG0000317	0	5	5
OG0000318	0	5	5
OG0000319	1	3	4
OG0000320	3	1	4
OG0000321	3	1	4
OG0000322	1	3	4
OG0000323	1	3	4
OG0000324	1	3	4
OG0000325	3	1	4
OG0000326	1	3	4
OG0000327	4	0	4
OG0000328	4	0	4
OG0000329	1	3	4
OG0000330	2	2	4
OG0000331	2	2	4
OG0000332	1	3	4
OG0000333	2	2	4
OG0000334	3	1	4
OG0000335	2	2	4
OG0000336	2	2	4
OG0000337	3	1	4
OG0000338	2	2	4
OG0000339	4	0	4
OG0000340	4	0	4
OG0000341	1	3	4
OG0000342	4	0	4
OG0000343	3	1	4
OG0000344	3	1	4
OG0000345	3	1	4
OG0000346	1	3	4
OG0000347	2	2	4
OG0000348	3	1	4
OG0000349	3	1	4
OG0000350	2	2	4
OG0000351	3	1	4
OG0000352	4	0	4
OG0000353	4	0	4
OG0000354	2	2	4
OG0000355	1	3	4
OG0000356	4	0	4
OG0000357	1	3	4
OG0000358	4	0	4
OG0000359	2	2	4
OG0000360	4	0	4
OG0000361	4	0	4
OG0000362	4	0	4
OG0000363	3	1	4
OG0000364	4	0	4
OG0000365	1	3	4
OG0000366	2	2	4
OG0000367	1	3	4
OG0000368	3	1	4
OG0000369	3	1	4
OG0000370	1	3	4
OG0000371	3	1	4
OG0000372	2	2	4
OG0000373	1	3	4
OG0000374	4	0	4
OG0000375	3	1	4
OG0000376	4	0	4
OG0000377	2	2	4
OG0000378	1	3	4
OG0000379	4	0	4
OG0000380	3	1	4
OG0000381	2	2	4
OG0000382	3	1	4
OG0000383	4	0	4
OG0000384	3	1	4
OG0000385	1	3	4
OG0000386	2	2	4
OG0000387	1	3	4
OG0000388	1	3	4
OG0000389	1	3	4
OG0000390	2	2	4
OG0000391	2	2	4
OG0000392	1	3	4
OG0000393	1	3	4
OG0000394	1	3	4
OG0000395	2	2	4
OG0000396	1	3	4
OG0000397	1	3	4
OG0000398	1	3	4
OG0000399	2	2	4
OG0000400	4	0	4
OG0000401	1	3	4
OG0000402	3	1	4
OG0000403	3	1	4
OG0000404	1	3	4
OG0000405	2	2	4
OG0000406	2	2	4
OG0000407	2	2	4
OG0000408	4	0	4
OG0000409	4	0	4
OG0000410	1	3	4
OG0000411	2	2	4
OG0000412	3	1	4
OG0000413	3	1	4
OG0000414	1	3	4
OG0000415	3	1	4
OG0000416	1	3	4
OG0000417	3	1	4
OG0000418	4	0	4
OG0000419	4	0	4
OG0000420	2	2	4
OG0000421	2	2	4
OG0000422	3	1	4
OG0000423	4	0	4
OG0000424	3	1	4
OG0000425	1	3	4
OG0000426	4	0	4
OG0000427	2	2	4
OG0000428	1	3	4
OG0000429	3	1	4
OG0000430	4	0	4
OG0000431	4	0	4
OG0000432	4	0	4
OG0000433	2	2	4
OG0000434	4	0	4
OG0000435	4	0	4
OG0000436	4	0	4
OG0000437	4	0	4
OG0000438	1	3	4
OG0000439	4	0	4
OG0000440	3	1	4
OG0000441	1	3	4
OG0000442	3	1	4
OG0000443	4	0	4
OG0000444	3	1	4
OG0000445	2	2	4
OG0000446	1	3	4
OG0000447	3	1	4
OG0000448	4	0	4
OG0000449	2	2	4
OG0000450	1	3	4
OG0000451	3	1	4
OG0000452	4	0	4
OG0000453	4	0	4
OG0000454	4	0	4
OG0000455	1	3	4
OG0000456	3	1	4
OG0000457	1	3	4
OG0000458	0	4	4
OG0000459	0	4	4
OG0000460	0	4	4
OG0000461	0	4	4
OG0000462	0	4	4
OG0000463	0	4	4
OG0000464	0	4	4
OG0000465	0	4	4
OG0000466	0	4	4
OG0000467	0	4	4
OG0000468	0	4	4
OG0000469	0	4	4
OG0000470	0	4	4
OG0000471	0	4	4
OG0000472	0	4	4
OG0000473	0	4	4
OG0000474	0	4	4
OG0000475	0	4	4
OG0000476	0	4	4
OG0000477	0	4	4
OG0000478	0	4	4
OG0000479	0	4	4
OG0000480	0	4	4
OG0000481	0	4	4
OG0000482	0	4	4
OG0000483	0	4	4
OG0000484	0	4	4
OG0000485	0	4	4
OG0000486	0	4	4
OG0000487	0	4	4
OG0000488	0	4	4
OG0000489	0	4	4
OG0000490	0	4	4
OG0000491	0	4	4
OG0000492	0	4	4
OG0000493	0	4	4
OG0000494	0	4	4
OG0000495	0	4	4
OG0000496	0	4	4
OG0000497	0	4	4
OG0000498	0	4	4
OG0000499	0	4	4
OG0000500	0	4	4
OG0000501	0	4	4
OG0000502	0	4	4
OG0000503	0	4	4
OG0000504	0	4	4
OG0000505	0	4	4
OG0000506	0	4	4
OG0000507	0	4	4
OG0000508	0	4	4
OG0000509	0	4	4
OG0000510	0	4	4
OG0000511	0	4	4
OG0000512	0	4	4
OG0000513	0	4	4
OG0000514	0	4	4
OG0000515	0	4	4
OG0000516	0	4	4
OG0000517	0	4	4
OG0000518	0	4	4
OG0000519	0	4	4
OG0000520	0	4	4
OG0000521	0	4	4
OG0000522	0	4	4
OG0000523	1	2	3
OG0000524	2	1	3
OG0000525	2	1	3
OG0000526	2	1	3
OG0000527	2	1	3
OG0000528	1	2	3
OG0000529	2	1	3
OG0000530	3	0	3
OG0000531	3	0	3
OG0000532	2	1	3
OG0000533	3	0	3
OG0000534	2	1	3
OG0000535	2	1	3
OG0000536	1	2	3
OG0000537	1	2	3
OG0000538	1	2	3
OG0000539	2	1	3
OG0000540	2	1	3
OG0000541	1	2	3
OG0000542	2	1	3
OG0000543	3	0	3
OG0000544	2	1	3
OG0000545	3	0	3
OG0000546	3	0	3
OG0000547	1	2	3
OG0000548	1	2	3
OG0000549	2	1	3
OG0000550	1	2	3
OG0000551	3	0	3
OG0000552	1	2	3
OG0000553	3	0	3
OG0000554	1	2	3
OG0000555	1	2	3
OG0000556	2	1	3
OG0000557	1	2	3
OG0000558	1	2	3
OG0000559	1	2	3
OG0000560	1	2	3
OG0000561	2	1	3
OG0000562	2	1	3
OG0000563	1	2	3
OG0000564	2	1	3
OG0000565	1	2	3
OG0000566	3	0	3
OG0000567	3	0	3
OG0000568	1	2	3
OG0000569	2	1	3
OG0000570	1	2	3
OG0000571	1	2	3
OG0000572	2	1	3
OG0000573	1	2	3
OG0000574	1	2	3
OG0000575	2	1	3
OG0000576	2	1	3
OG0000577	3	0	3
OG0000578	3	0	3
OG0000579	1	2	3
OG0000580	2	1	3
OG0000581	1	2	3
OG0000582	2	1	3
OG0000583	1	2	3
OG0000584	2	1	3
OG0000585	2	1	3
OG0000586	2	1	3
OG0000587	3	0	3
OG0000588	2	1	3
OG0000589	2	1	3
OG0000590	2	1	3
OG0000591	1	2	3
OG0000592	3	0	3
OG0000593	1	2	3
OG0000594	1	2	3
OG0000595	2	1	3
OG0000596	1	2	3
OG0000597	2	1	3
OG0000598	3	0	3
OG0000599	2	1	3
OG0000600	2	1	3
OG0000601	3	0	3
OG0000602	1	2	3
OG0000603	2	1	3
OG0000604	2	1	3
OG0000605	1	2	3
OG0000606	2	1	3
OG0000607	3	0	3
OG0000608	1	2	3
OG0000609	2	1	3
OG0000610	3	0	3
OG0000611	1	2	3
OG0000612	1	2	3
OG0000613	1	2	3
OG0000614	1	2	3
OG0000615	1	2	3
OG0000616	3	0	3
OG0000617	2	1	3
OG0000618	1	2	3
OG0000619	1	2	3
OG0000620	2	1	3
OG0000621	3	0	3
OG0000622	1	2	3
OG0000623	2	1	3
OG0000624	1	2	3
OG0000625	2	1	3
OG0000626	1	2	3
OG0000627	2	1	3
OG0000628	1	2	3
OG0000629	2	1	3
OG0000630	1	2	3
OG0000631	3	0	3
OG0000632	1	2	3
OG0000633	1	2	3
OG0000634	2	1	3
OG0000635	1	2	3
OG0000636	3	0	3
OG0000637	1	2	3
OG0000638	1	2	3
OG0000639	1	2	3
OG0000640	3	0	3
OG0000641	2	1	3
OG0000642	1	2	3
OG0000643	2	1	3
OG0000644	2	1	3
OG0000645	2	1	3
OG0000646	2	1	3
OG0000647	2	1	3
OG0000648	1	2	3
OG0000649	2	1	3
OG0000650	1	2	3
OG0000651	1	2	3
OG0000652	1	2	3
OG0000653	3	0	3
OG0000654	3	0	3
OG0000655	1	2	3
OG0000656	2	1	3
OG0000657	2	1	3
OG0000658	3	0	3
OG0000659	2	1	3
OG0000660	3	0	3
OG0000661	3	0	3
OG0000662	2	1	3
OG0000663	3	0	3
OG0000664	3	0	3
OG0000665	3	0	3
OG0000666	3	0	3
OG0000667	1	2	3
OG0000668	3	0	3
OG0000669	1	2	3
OG0000670	1	2	3
OG0000671	2	1	3
OG0000672	2	1	3
OG0000673	1	2	3
OG0000674	3	0	3
OG0000675	1	2	3
OG0000676	2	1	3
OG0000677	2	1	3
OG0000678	3	0	3
OG0000679	2	1	3
OG0000680	2	1	3
OG0000681	1	2	3
OG0000682	1	2	3
OG0000683	2	1	3
OG0000684	3	0	3
OG0000685	2	1	3
OG0000686	2	1	3
OG0000687	1	2	3
OG0000688	3	0	3
OG0000689	3	0	3
OG0000690	2	1	3
OG0000691	3	0	3
OG0000692	1	2	3
OG0000693	3	0	3
OG0000694	2	1	3
OG0000695	2	1	3
OG0000696	3	0	3
OG0000697	2	1	3
OG0000698	2	1	3
OG0000699	2	1	3
OG0000700	1	2	3
OG0000701	2	1	3
OG0000702	3	0	3
OG0000703	1	2	3
OG0000704	3	0	3
OG0000705	3	0	3
OG0000706	2	1	3
OG0000707	2	1	3
OG0000708	2	1	3
OG0000709	2	1	3
OG0000710	2	1	3
OG0000711	2	1	3
OG0000712	2	1	3
OG0000713	3	0	3
OG0000714	2	1	3
OG0000715	2	1	3
OG0000716	1	2	3
OG0000717	2	1	3
OG0000718	2	1	3
OG0000719	2	1	3
OG0000720	1	2	3
OG0000721	1	2	3
OG0000722	1	2	3
OG0000723	2	1	3
OG0000724	1	2	3
OG0000725	2	1	3
OG0000726	2	1	3
OG0000727	1	2	3
OG0000728	3	0	3
OG0000729	1	2	3
OG0000730	1	2	3
OG0000731	1	2	3
OG0000732	2	1	3
OG0000733	2	1	3
OG0000734	2	1	3
OG0000735	1	2	3
OG0000736	1	2	3
OG0000737	1	2	3
OG0000738	2	1	3
OG0000739	2	1	3
OG0000740	2	1	3
OG0000741	1	2	3
OG0000742	1	2	3
OG0000743	2	1	3
OG0000744	1	2	3
OG0000745	2	1	3
OG0000746	2	1	3
OG0000747	2	1	3
OG0000748	1	2	3
OG0000749	2	1	3
OG0000750	3	0	3
OG0000751	1	2	3
OG0000752	2	1	3
OG0000753	2	1	3
OG0000754	3	0	3
OG0000755	1	2	3
OG0000756	1	2	3
OG0000757	3	0	3
OG0000758	2	1	3
OG0000759	1	2	3
OG0000760	1	2	3
OG0000761	2	1	3
OG0000762	1	2	3
OG0000763	3	0	3
OG0000764	2	1	3
OG0000765	1	2	3
OG0000766	2	1	3
OG0000767	2	1	3
OG0000768	1	2	3
OG0000769	2	1	3
OG0000770	2	1	3
OG0000771	1	2	3
OG0000772	2	1	3
OG0000773	2	1	3
OG0000774	3	0	3
OG0000775	2	1	3
OG0000776	2	1	3
OG0000777	2	1	3
OG0000778	2	1	3
OG0000779	2	1	3
OG0000780	2	1	3
OG0000781	3	0	3
OG0000782	1	2	3
OG0000783	1	2	3
OG0000784	1	2	3
OG0000785	1	2	3
OG0000786	3	0	3
OG0000787	3	0	3
OG0000788	1	2	3
OG0000789	1	2	3
OG0000790	1	2	3
OG0000791	2	1	3
OG0000792	1	2	3
OG0000793	2	1	3
OG0000794	1	2	3
OG0000795	1	2	3
OG0000796	1	2	3
OG0000797	1	2	3
OG0000798	2	1	3
OG0000799	1	2	3
OG0000800	2	1	3
OG0000801	1	2	3
OG0000802	2	1	3
OG0000803	2	1	3
OG0000804	2	1	3
OG0000805	1	2	3
OG0000806	2	1	3
OG0000807	1	2	3
OG0000808	1	2	3
OG0000809	2	1	3
OG0000810	1	2	3
OG0000811	1	2	3
OG0000812	2	1	3
OG0000813	2	1	3
OG0000814	2	1	3
OG0000815	2	1	3
OG0000816	1	2	3
OG0000817	1	2	3
OG0000818	2	1	3
OG0000819	1	2	3
OG0000820	1	2	3
OG0000821	1	2	3
OG0000822	2	1	3
OG0000823	2	1	3
OG0000824	2	1	3
OG0000825	1	2	3
OG0000826	2	1	3
OG0000827	1	2	3
OG0000828	2	1	3
OG0000829	1	2	3
OG0000830	1	2	3
OG0000831	1	2	3
OG0000832	2	1	3
OG0000833	2	1	3
OG0000834	2	1	3
OG0000835	3	0	3
OG0000836	1	2	3
OG0000837	2	1	3
OG0000838	1	2	3
OG0000839	1	2	3
OG0000840	1	2	3
OG0000841	2	1	3
OG0000842	1	2	3
OG0000843	1	2	3
OG0000844	3	0	3
OG0000845	3	0	3
OG0000846	1	2	3
OG0000847	3	0	3
OG0000848	1	2	3
OG0000849	2	1	3
OG0000850	3	0	3
OG0000851	3	0	3
OG0000852	1	2	3
OG0000853	1	2	3
OG0000854	1	2	3
OG0000855	2	1	3
OG0000856	2	1	3
OG0000857	1	2	3
OG0000858	3	0	3
OG0000859	1	2	3
OG0000860	3	0	3
OG0000861	2	1	3
OG0000862	2	1	3
OG0000863	2	1	3
OG0000864	2	1	3
OG0000865	2	1	3
OG0000866	3	0	3
OG0000867	1	2	3
OG0000868	2	1	3
OG0000869	1	2	3
OG0000870	2	1	3
OG0000871	2	1	3
OG0000872	2	1	3
OG0000873	2	1	3
OG0000874	2	1	3
OG0000875	3	0	3
OG0000876	2	1	3
OG0000877	2	1	3
OG0000878	1	2	3
OG0000879	3	0	3
OG0000880	2	1	3
OG0000881	1	2	3
OG0000882	3	0	3
OG0000883	3	0	3
OG0000884	1	2	3
OG0000885	2	1	3
OG0000886	1	2	3
OG0000887	1	2	3
OG0000888	3	0	3
OG0000889	2	1	3
OG0000890	3	0	3
OG0000891	1	2	3
OG0000892	3	0	3
OG0000893	3	0	3
OG0000894	3	0	3
OG0000895	3	0	3
OG0000896	2	1	3
OG0000897	1	2	3
OG0000898	2	1	3
OG0000899	2	1	3
OG0000900	1	2	3
OG0000901	2	1	3
OG0000902	1	2	3
OG0000903	1	2	3
OG0000904	1	2	3
OG0000905	1	2	3
OG0000906	3	0	3
OG0000907	1	2	3
OG0000908	2	1	3
OG0000909	0	3	3
OG0000910	0	3	3
OG0000911	0	3	3
OG0000912	0	3	3
OG0000913	0	3	3
OG0000914	0	3	3
OG0000915	0	3	3
OG0000916	0	3	3
OG0000917	0	3	3
OG0000918	0	3	3
OG0000919	0	3	3
OG0000920	0	3	3
OG0000921	0	3	3
OG0000922	0	3	3
OG0000923	0	3	3
OG0000924	0	3	3
OG0000925	0	3	3
OG0000926	0	3	3
OG0000927	0	3	3
OG0000928	0	3	3
OG0000929	0	3	3
OG0000930	0	3	3
OG0000931	0	3	3
OG0000932	0	3	3
OG0000933	0	3	3
OG0000934	0	3	3
OG0000935	0	3	3
OG0000936	0	3	3
OG0000937	0	3	3
OG0000938	0	3	3
OG0000939	0	3	3
OG0000940	0	3	3
OG0000941	0	3	3
OG0000942	0	3	3
OG0000943	0	3	3
OG0000944	0	3	3
OG0000945	0	3	3
OG0000946	0	3	3
OG0000947	0	3	3
OG0000948	0	3	3
OG0000949	0	3	3
OG0000950	0	3	3
OG0000951	0	3	3
OG0000952	0	3	3
OG0000953	0	3	3
OG0000954	0	3	3
OG0000955	0	3	3
OG0000956	0	3	3
OG0000957	0	3	3
OG0000958	0	3	3
OG0000959	0	3	3
OG0000960	0	3	3
OG0000961	0	3	3
OG0000962	0	3	3
OG0000963	0	3	3
OG0000964	0	3	3
OG0000965	0	3	3
OG0000966	0	3	3
OG0000967	0	3	3
OG0000968	0	3	3
OG0000969	0	3	3
OG0000970	0	3	3
OG0000971	0	3	3
OG0000972	0	3	3
OG0000973	0	3	3
OG0000974	0	3	3
OG0000975	0	3	3
OG0000976	0	3	3
OG0000977	0	3	3
OG0000978	0	3	3
OG0000979	0	3	3
OG0000980	0	3	3
OG0000981	0	3	3
OG0000982	0	3	3
OG0000983	0	3	3
OG0000984	0	3	3
OG0000985	0	3	3
OG0000986	0	3	3
OG0000987	0	3	3
OG0000988	0	3	3
OG0000989	0	3	3
OG0000990	0	3	3
OG0000991	0	3	3
OG0000992	0	3	3
OG0000993	0	3	3
OG0000994	0	3	3
OG0000995	0	3	3
OG0000996	0	3	3
OG0000997	0	3	3
OG0000998	0	3	3
OG0000999	0	3	3
OG0001000	0	3	3
OG0001001	0	3	3
OG0001002	0	3	3
OG0001003	0	3	3
OG0001004	0	3	3
OG0001005	0	3	3
OG0001006	0	3	3
OG0001007	0	3	3
OG0001008	0	3	3
OG0001009	0	3	3
OG0001010	0	3	3
OG0001011	0	3	3
OG0001012	0	3	3
OG0001013	0	3	3
OG0001014	0	3	3
OG0001015	0	3	3
OG0001016	0	3	3
OG0001017	0	3	3
OG0001018	0	3	3
OG0001019	0	3	3
OG0001020	0	3	3
OG0001021	0	3	3
OG0001022	0	3	3
OG0001023	0	3	3
OG0001024	0	3	3
OG0001025	0	3	3
OG0001026	0	3	3
OG0001027	0	3	3
OG0001028	0	3	3
OG0001029	0	3	3
OG0001030	0	3	3
OG0001031	1	1	2
OG0001032	2	0	2
OG0001033	2	0	2
OG0001034	1	1	2
OG0001035	1	1	2
OG0001036	1	1	2
OG0001037	1	1	2
OG0001038	1	1	2
OG0001039	1	1	2
OG0001040	2	0	2
OG0001041	1	1	2
OG0001042	2	0	2
OG0001043	1	1	2
OG0001044	2	0	2
OG0001045	2	0	2
OG0001046	2	0	2
OG0001047	1	1	2
OG0001048	2	0	2
OG0001049	1	1	2
OG0001050	1	1	2
OG0001051	2	0	2
OG0001052	1	1	2
OG0001053	1	1	2
OG0001054	1	1	2
OG0001055	1	1	2
OG0001056	1	1	2
OG0001057	2	0	2
OG0001058	2	0	2
OG0001059	2	0	2
OG0001060	1	1	2
OG0001061	1	1	2
OG0001062	1	1	2
OG0001063	1	1	2
OG0001064	1	1	2
OG0001065	1	1	2
OG0001066	1	1	2
OG0001067	1	1	2
OG0001068	1	1	2
OG0001069	1	1	2
OG0001070	1	1	2
OG0001071	1	1	2
OG0001072	1	1	2
OG0001073	1	1	2
OG0001074	1	1	2
OG0001075	1	1	2
OG0001076	1	1	2
OG0001077	1	1	2
OG0001078	1	1	2
OG0001079	1	1	2
OG0001080	1	1	2
OG0001081	1	1	2
OG0001082	1	1	2
OG0001083	1	1	2
OG0001084	2	0	2
OG0001085	1	1	2
OG0001086	1	1	2
OG0001087	1	1	2
OG0001088	1	1	2
OG0001089	1	1	2
OG0001090	1	1	2
OG0001091	1	1	2
OG0001092	1	1	2
OG0001093	1	1	2
OG0001094	1	1	2
OG0001095	1	1	2
OG0001096	1	1	2
OG0001097	1	1	2
OG0001098	1	1	2
OG0001099	1	1	2
OG0001100	1	1	2
OG0001101	1	1	2
OG0001102	1	1	2
OG0001103	1	1	2
OG0001104	1	1	2
OG0001105	1	1	2
OG0001106	1	1	2
OG0001107	1	1	2
OG0001108	1	1	2
OG0001109	1	1	2
OG0001110	1	1	2
OG0001111	1	1	2
OG0001112	1	1	2
OG0001113	1	1	2
OG0001114	1	1	2
OG0001115	1	1	2
OG0001116	1	1	2
OG0001117	1	1	2
OG0001118	1	1	2
OG0001119	1	1	2
OG0001120	1	1	2
OG0001121	1	1	2
OG0001122	1	1	2
OG0001123	1	1	2
OG0001124	1	1	2
OG0001125	1	1	2
OG0001126	1	1	2
OG0001127	1	1	2
OG0001128	1	1	2
OG0001129	1	1	2
OG0001130	1	1	2
OG0001131	1	1	2
OG0001132	1	1	2
OG0001133	2	0	2
OG0001134	1	1	2
OG0001135	1	1	2
OG0001136	1	1	2
OG0001137	1	1	2
OG0001138	1	1	2
OG0001139	1	1	2
OG0001140	1	1	2
OG0001141	1	1	2
OG0001142	1	1	2
OG0001143	1	1	2
OG0001144	1	1	2
OG0001145	1	1	2
OG0001146	2	0	2
OG0001147	1	1	2
OG0001148	1	1	2
OG0001149	1	1	2
OG0001150	1	1	2
OG0001151	1	1	2
OG0001152	1	1	2
OG0001153	2	0	2
OG0001154	1	1	2
OG0001155	1	1	2
OG0001156	1	1	2
OG0001157	1	1	2
OG0001158	1	1	2
OG0001159	1	1	2
OG0001160	1	1	2
OG0001161	1	1	2
OG0001162	1	1	2
OG0001163	1	1	2
OG0001164	1	1	2
OG0001165	1	1	2
OG0001166	1	1	2
OG0001167	1	1	2
OG0001168	1	1	2
OG0001169	1	1	2
OG0001170	1	1	2
OG0001171	1	1	2
OG0001172	1	1	2
OG0001173	1	1	2
OG0001174	1	1	2
OG0001175	1	1	2
OG0001176	1	1	2
OG0001177	1	1	2
OG0001178	1	1	2
OG0001179	1	1	2
OG0001180	1	1	2
OG0001181	1	1	2
OG0001182	1	1	2
OG0001183	1	1	2
OG0001184	1	1	2
OG0001185	1	1	2
OG0001186	1	1	2
OG0001187	1	1	2
OG0001188	1	1	2
OG0001189	1	1	2
OG0001190	1	1	2
OG0001191	1	1	2
OG0001192	1	1	2
OG0001193	1	1	2
OG0001194	1	1	2
OG0001195	1	1	2
OG0001196	1	1	2
OG0001197	1	1	2
OG0001198	1	1	2
OG0001199	2	0	2
OG0001200	2	0	2
OG0001201	2	0	2
OG0001202	2	0	2
OG0001203	2	0	2
OG0001204	2	0	2
OG0001205	2	0	2
OG0001206	1	1	2
OG0001207	1	1	2
OG0001208	1	1	2
OG0001209	1	1	2
OG0001210	1	1	2
OG0001211	1	1	2
OG0001212	1	1	2
OG0001213	1	1	2
OG0001214	1	1	2
OG0001215	1	1	2
OG0001216	1	1	2
OG0001217	1	1	2
OG0001218	1	1	2
OG0001219	1	1	2
OG0001220	1	1	2
OG0001221	2	0	2
OG0001222	1	1	2
OG0001223	1	1	2
OG0001224	1	1	2
OG0001225	1	1	2
OG0001226	1	1	2
OG0001227	1	1	2
OG0001228	1	1	2
OG0001229	1	1	2
OG0001230	1	1	2
OG0001231	1	1	2
OG0001232	1	1	2
OG0001233	1	1	2
OG0001234	2	0	2
OG0001235	1	1	2
OG0001236	1	1	2
OG0001237	1	1	2
OG0001238	1	1	2
OG0001239	1	1	2
OG0001240	1	1	2
OG0001241	1	1	2
OG0001242	1	1	2
OG0001243	1	1	2
OG0001244	1	1	2
OG0001245	1	1	2
OG0001246	1	1	2
OG0001247	1	1	2
OG0001248	1	1	2
OG0001249	1	1	2
OG0001250	1	1	2
OG0001251	1	1	2
OG0001252	1	1	2
OG0001253	1	1	2
OG0001254	1	1	2
OG0001255	1	1	2
OG0001256	1	1	2
OG0001257	1	1	2
OG0001258	1	1	2
OG0001259	1	1	2
OG0001260	1	1	2
OG0001261	1	1	2
OG0001262	1	1	2
OG0001263	1	1	2
OG0001264	1	1	2
OG0001265	1	1	2
OG0001266	1	1	2
OG0001267	1	1	2
OG0001268	1	1	2
OG0001269	2	0	2
OG0001270	1	1	2
OG0001271	2	0	2
OG0001272	1	1	2
OG0001273	1	1	2
OG0001274	1	1	2
OG0001275	1	1	2
OG0001276	1	1	2
OG0001277	1	1	2
OG0001278	2	0	2
OG0001279	1	1	2
OG0001280	1	1	2
OG0001281	1	1	2
OG0001282	1	1	2
OG0001283	1	1	2
OG0001284	1	1	2
OG0001285	1	1	2
OG0001286	1	1	2
OG0001287	1	1	2
OG0001288	1	1	2
OG0001289	1	1	2
OG0001290	1	1	2
OG0001291	1	1	2
OG0001292	1	1	2
OG0001293	1	1	2
OG0001294	1	1	2
OG0001295	1	1	2
OG0001296	1	1	2
OG0001297	1	1	2
OG0001298	2	0	2
OG0001299	1	1	2
OG0001300	1	1	2
OG0001301	1	1	2
OG0001302	1	1	2
OG0001303	1	1	2
OG0001304	1	1	2
OG0001305	1	1	2
OG0001306	2	0	2
OG0001307	1	1	2
OG0001308	1	1	2
OG0001309	1	1	2
OG0001310	1	1	2
OG0001311	1	1	2
OG0001312	2	0	2
OG0001313	1	1	2
OG0001314	1	1	2
OG0001315	2	0	2
OG0001316	1	1	2
OG0001317	1	1	2
OG0001318	1	1	2
OG0001319	1	1	2
OG0001320	2	0	2
OG0001321	1	1	2
OG0001322	1	1	2
OG0001323	1	1	2
OG0001324	1	1	2
OG0001325	1	1	2
OG0001326	1	1	2
OG0001327	1	1	2
OG0001328	1	1	2
OG0001329	1	1	2
OG0001330	1	1	2
OG0001331	1	1	2
OG0001332	1	1	2
OG0001333	2	0	2
OG0001334	2	0	2
OG0001335	2	0	2
OG0001336	1	1	2
OG0001337	2	0	2
OG0001338	2	0	2
OG0001339	1	1	2
OG0001340	1	1	2
OG0001341	1	1	2
OG0001342	1	1	2
OG0001343	1	1	2
OG0001344	1	1	2
OG0001345	1	1	2
OG0001346	1	1	2
OG0001347	1	1	2
OG0001348	1	1	2
OG0001349	1	1	2
OG0001350	1	1	2
OG0001351	1	1	2
OG0001352	1	1	2
OG0001353	2	0	2
OG0001354	1	1	2
OG0001355	1	1	2
OG0001356	1	1	2
OG0001357	1	1	2
OG0001358	1	1	2
OG0001359	1	1	2
OG0001360	1	1	2
OG0001361	1	1	2
OG0001362	1	1	2
OG0001363	1	1	2
OG0001364	1	1	2
OG0001365	1	1	2
OG0001366	1	1	2
OG0001367	1	1	2
OG0001368	1	1	2
OG0001369	1	1	2
OG0001370	1	1	2
OG0001371	1	1	2
OG0001372	1	1	2
OG0001373	1	1	2
OG0001374	1	1	2
OG0001375	1	1	2
OG0001376	1	1	2
OG0001377	1	1	2
OG0001378	1	1	2
OG0001379	1	1	2
OG0001380	1	1	2
OG0001381	1	1	2
OG0001382	1	1	2
OG0001383	1	1	2
OG0001384	1	1	2
OG0001385	1	1	2
OG0001386	1	1	2
OG0001387	1	1	2
OG0001388	1	1	2
OG0001389	1	1	2
OG0001390	1	1	2
OG0001391	1	1	2
OG0001392	1	1	2
OG0001393	1	1	2
OG0001394	1	1	2
OG0001395	1	1	2
OG0001396	1	1	2
OG0001397	1	1	2
OG0001398	1	1	2
OG0001399	1	1	2
OG0001400	1	1	2
OG0001401	1	1	2
OG0001402	1	1	2
OG0001403	1	1	2
OG0001404	1	1	2
OG0001405	1	1	2
OG0001406	2	0	2
OG0001407	2	0	2
OG0001408	1	1	2
OG0001409	1	1	2
OG0001410	1	1	2
OG0001411	1	1	2
OG0001412	1	1	2
OG0001413	1	1	2
OG0001414	1	1	2
OG0001415	1	1	2
OG0001416	1	1	2
OG0001417	1	1	2
OG0001418	1	1	2
OG0001419	1	1	2
OG0001420	1	1	2
OG0001421	1	1	2
OG0001422	1	1	2
OG0001423	1	1	2
OG0001424	1	1	2
OG0001425	1	1	2
OG0001426	1	1	2
OG0001427	1	1	2
OG0001428	1	1	2
OG0001429	1	1	2
OG0001430	1	1	2
OG0001431	1	1	2
OG0001432	1	1	2
OG0001433	1	1	2
OG0001434	2	0	2
OG0001435	1	1	2
OG0001436	1	1	2
OG0001437	1	1	2
OG0001438	2	0	2
OG0001439	1	1	2
OG0001440	2	0	2
OG0001441	1	1	2
OG0001442	1	1	2
OG0001443	1	1	2
OG0001444	1	1	2
OG0001445	1	1	2
OG0001446	1	1	2
OG0001447	1	1	2
OG0001448	1	1	2
OG0001449	1	1	2
OG0001450	1	1	2
OG0001451	1	1	2
OG0001452	1	1	2
OG0001453	1	1	2
OG0001454	1	1	2
OG0001455	1	1	2
OG0001456	1	1	2
OG0001457	1	1	2
OG0001458	1	1	2
OG0001459	1	1	2
OG0001460	1	1	2
OG0001461	1	1	2
OG0001462	1	1	2
OG0001463	2	0	2
OG0001464	1	1	2
OG0001465	1	1	2
OG0001466	1	1	2
OG0001467	1	1	2
OG0001468	1	1	2
OG0001469	1	1	2
OG0001470	1	1	2
OG0001471	1	1	2
OG0001472	1	1	2
OG0001473	1	1	2
OG0001474	1	1	2
OG0001475	1	1	2
OG0001476	1	1	2
OG0001477	1	1	2
OG0001478	1	1	2
OG0001479	1	1	2
OG0001480	1	1	2
OG0001481	1	1	2
OG0001482	2	0	2
OG0001483	2	0	2
OG0001484	1	1	2
OG0001485	1	1	2
OG0001486	1	1	2
OG0001487	2	0	2
OG0001488	1	1	2
OG0001489	1	1	2
OG0001490	1	1	2
OG0001491	1	1	2
OG0001492	1	1	2
OG0001493	1	1	2
OG0001494	1	1	2
OG0001495	1	1	2
OG0001496	1	1	2
OG0001497	1	1	2
OG0001498	1	1	2
OG0001499	1	1	2
OG0001500	2	0	2
OG0001501	1	1	2
OG0001502	1	1	2
OG0001503	2	0	2
OG0001504	1	1	2
OG0001505	1	1	2
OG0001506	2	0	2
OG0001507	1	1	2
OG0001508	1	1	2
OG0001509	2	0	2
OG0001510	2	0	2
OG0001511	1	1	2
OG0001512	2	0	2
OG0001513	1	1	2
OG0001514	1	1	2
OG0001515	1	1	2
OG0001516	1	1	2
OG0001517	1	1	2
OG0001518	1	1	2
OG0001519	1	1	2
OG0001520	1	1	2
OG0001521	1	1	2
OG0001522	1	1	2
OG0001523	1	1	2
OG0001524	1	1	2
OG0001525	1	1	2
OG0001526	1	1	2
OG0001527	2	0	2
OG0001528	1	1	2
OG0001529	1	1	2
OG0001530	2	0	2
OG0001531	1	1	2
OG0001532	1	1	2
OG0001533	1	1	2
OG0001534	1	1	2
OG0001535	1	1	2
OG0001536	1	1	2
OG0001537	1	1	2
OG0001538	1	1	2
OG0001539	2	0	2
OG0001540	2	0	2
OG0001541	1	1	2
OG0001542	1	1	2
OG0001543	1	1	2
OG0001544	1	1	2
OG0001545	1	1	2
OG0001546	1	1	2
OG0001547	1	1	2
OG0001548	1	1	2
OG0001549	1	1	2
OG0001550	1	1	2
OG0001551	1	1	2
OG0001552	1	1	2
OG0001553	1	1	2
OG0001554	1	1	2
OG0001555	1	1	2
OG0001556	1	1	2
OG0001557	1	1	2
OG0001558	1	1	2
OG0001559	2	0	2
OG0001560	1	1	2
OG0001561	1	1	2
OG0001562	2	0	2
OG0001563	2	0	2
OG0001564	1	1	2
OG0001565	1	1	2
OG0001566	2	0	2
OG0001567	1	1	2
OG0001568	1	1	2
OG0001569	1	1	2
OG0001570	1	1	2
OG0001571	1	1	2
OG0001572	1	1	2
OG0001573	1	1	2
OG0001574	1	1	2
OG0001575	2	0	2
OG0001576	2	0	2
OG0001577	2	0	2
OG0001578	2	0	2
OG0001579	2	0	2
OG0001580	1	1	2
OG0001581	2	0	2
OG0001582	1	1	2
OG0001583	2	0	2
OG0001584	2	0	2
OG0001585	1	1	2
OG0001586	1	1	2
OG0001587	1	1	2
OG0001588	2	0	2
OG0001589	1	1	2
OG0001590	1	1	2
OG0001591	1	1	2
OG0001592	1	1	2
OG0001593	1	1	2
OG0001594	1	1	2
OG0001595	1	1	2
OG0001596	1	1	2
OG0001597	1	1	2
OG0001598	1	1	2
OG0001599	1	1	2
OG0001600	1	1	2
OG0001601	2	0	2
OG0001602	1	1	2
OG0001603	1	1	2
OG0001604	2	0	2
OG0001605	1	1	2
OG0001606	1	1	2
OG0001607	2	0	2
OG0001608	1	1	2
OG0001609	1	1	2
OG0001610	1	1	2
OG0001611	2	0	2
OG0001612	1	1	2
OG0001613	1	1	2
OG0001614	1	1	2
OG0001615	1	1	2
OG0001616	1	1	2
OG0001617	1	1	2
OG0001618	2	0	2
OG0001619	2	0	2
OG0001620	2	0	2
OG0001621	2	0	2
OG0001622	1	1	2
OG0001623	1	1	2
OG0001624	1	1	2
OG0001625	1	1	2
OG0001626	1	1	2
OG0001627	1	1	2
OG0001628	2	0	2
OG0001629	1	1	2
OG0001630	1	1	2
OG0001631	1	1	2
OG0001632	1	1	2
OG0001633	1	1	2
OG0001634	2	0	2
OG0001635	1	1	2
OG0001636	2	0	2
OG0001637	1	1	2
OG0001638	2	0	2
OG0001639	1	1	2
OG0001640	1	1	2
OG0001641	1	1	2
OG0001642	1	1	2
OG0001643	1	1	2
OG0001644	1	1	2
OG0001645	1	1	2
OG0001646	1	1	2
OG0001647	1	1	2
OG0001648	1	1	2
OG0001649	1	1	2
OG0001650	1	1	2
OG0001651	1	1	2
OG0001652	1	1	2
OG0001653	1	1	2
OG0001654	1	1	2
OG0001655	1	1	2
OG0001656	1	1	2
OG0001657	1	1	2
OG0001658	2	0	2
OG0001659	1	1	2
OG0001660	1	1	2
OG0001661	1	1	2
OG0001662	1	1	2
OG0001663	1	1	2
OG0001664	1	1	2
OG0001665	1	1	2
OG0001666	1	1	2
OG0001667	1	1	2
OG0001668	1	1	2
OG0001669	1	1	2
OG0001670	1	1	2
OG0001671	1	1	2
OG0001672	1	1	2
OG0001673	1	1	2
OG0001674	1	1	2
OG0001675	1	1	2
OG0001676	1	1	2
OG0001677	1	1	2
OG0001678	1	1	2
OG0001679	1	1	2
OG0001680	2	0	2
OG0001681	2	0	2
OG0001682	1	1	2
OG0001683	1	1	2
OG0001684	1	1	2
OG0001685	1	1	2
OG0001686	1	1	2
OG0001687	1	1	2
OG0001688	1	1	2
OG0001689	1	1	2
OG0001690	1	1	2
OG0001691	1	1	2
OG0001692	1	1	2
OG0001693	1	1	2
OG0001694	1	1	2
OG0001695	1	1	2
OG0001696	1	1	2
OG0001697	1	1	2
OG0001698	1	1	2
OG0001699	1	1	2
OG0001700	1	1	2
OG0001701	1	1	2
OG0001702	1	1	2
OG0001703	1	1	2
OG0001704	1	1	2
OG0001705	1	1	2
OG0001706	1	1	2
OG0001707	1	1	2
OG0001708	1	1	2
OG0001709	1	1	2
OG0001710	1	1	2
OG0001711	1	1	2
OG0001712	1	1	2
OG0001713	1	1	2
OG0001714	2	0	2
OG0001715	1	1	2
OG0001716	1	1	2
OG0001717	1	1	2
OG0001718	1	1	2
OG0001719	1	1	2
OG0001720	1	1	2
OG0001721	1	1	2
OG0001722	1	1	2
OG0001723	1	1	2
OG0001724	1	1	2
OG0001725	1	1	2
OG0001726	2	0	2
OG0001727	1	1	2
OG0001728	1	1	2
OG0001729	1	1	2
OG0001730	1	1	2
OG0001731	1	1	2
OG0001732	1	1	2
OG0001733	1	1	2
OG0001734	1	1	2
OG0001735	1	1	2
OG0001736	2	0	2
OG0001737	1	1	2
OG0001738	1	1	2
OG0001739	1	1	2
OG0001740	1	1	2
OG0001741	1	1	2
OG0001742	1	1	2
OG0001743	2	0	2
OG0001744	1	1	2
OG0001745	1	1	2
OG0001746	1	1	2
OG0001747	1	1	2
OG0001748	1	1	2
OG0001749	1	1	2
OG0001750	1	1	2
OG0001751	1	1	2
OG0001752	1	1	2
OG0001753	1	1	2
OG0001754	1	1	2
OG0001755	1	1	2
OG0001756	1	1	2
OG0001757	2	0	2
OG0001758	1	1	2
OG0001759	1	1	2
OG0001760	1	1	2
OG0001761	2	0	2
OG0001762	1	1	2
OG0001763	1	1	2
OG0001764	1	1	2
OG0001765	1	1	2
OG0001766	1	1	2
OG0001767	1	1	2
OG0001768	1	1	2
OG0001769	1	1	2
OG0001770	1	1	2
OG0001771	1	1	2
OG0001772	1	1	2
OG0001773	1	1	2
OG0001774	1	1	2
OG0001775	1	1	2
OG0001776	1	1	2
OG0001777	1	1	2
OG0001778	1	1	2
OG0001779	1	1	2
OG0001780	1	1	2
OG0001781	2	0	2
OG0001782	2	0	2
OG0001783	1	1	2
OG0001784	1	1	2
OG0001785	1	1	2
OG0001786	1	1	2
OG0001787	1	1	2
OG0001788	1	1	2
OG0001789	1	1	2
OG0001790	1	1	2
OG0001791	1	1	2
OG0001792	1	1	2
OG0001793	2	0	2
OG0001794	1	1	2
OG0001795	1	1	2
OG0001796	2	0	2
OG0001797	1	1	2
OG0001798	1	1	2
OG0001799	1	1	2
OG0001800	1	1	2
OG0001801	1	1	2
OG0001802	1	1	2
OG0001803	1	1	2
OG0001804	1	1	2
OG0001805	2	0	2
OG0001806	2	0	2
OG0001807	1	1	2
OG0001808	2	0	2
OG0001809	1	1	2
OG0001810	1	1	2
OG0001811	1	1	2
OG0001812	1	1	2
OG0001813	1	1	2
OG0001814	1	1	2
OG0001815	1	1	2
OG0001816	1	1	2
OG0001817	1	1	2
OG0001818	1	1	2
OG0001819	1	1	2
OG0001820	1	1	2
OG0001821	1	1	2
OG0001822	2	0	2
OG0001823	1	1	2
OG0001824	1	1	2
OG0001825	1	1	2
OG0001826	1	1	2
OG0001827	1	1	2
OG0001828	1	1	2
OG0001829	1	1	2
OG0001830	1	1	2
OG0001831	1	1	2
OG0001832	2	0	2
OG0001833	1	1	2
OG0001834	1	1	2
OG0001835	1	1	2
OG0001836	1	1	2
OG0001837	1	1	2
OG0001838	1	1	2
OG0001839	1	1	2
OG0001840	1	1	2
OG0001841	1	1	2
OG0001842	1	1	2
OG0001843	1	1	2
OG0001844	1	1	2
OG0001845	1	1	2
OG0001846	1	1	2
OG0001847	1	1	2
OG0001848	1	1	2
OG0001849	1	1	2
OG0001850	1	1	2
OG0001851	1	1	2
OG0001852	1	1	2
OG0001853	1	1	2
OG0001854	1	1	2
OG0001855	1	1	2
OG0001856	1	1	2
OG0001857	1	1	2
OG0001858	1	1	2
OG0001859	1	1	2
OG0001860	1	1	2
OG0001861	1	1	2
OG0001862	1	1	2
OG0001863	1	1	2
OG0001864	1	1	2
OG0001865	1	1	2
OG0001866	1	1	2
OG0001867	1	1	2
OG0001868	1	1	2
OG0001869	2	0	2
OG0001870	1	1	2
OG0001871	1	1	2
OG0001872	1	1	2
OG0001873	1	1	2
OG0001874	1	1	2
OG0001875	1	1	2
OG0001876	1	1	2
OG0001877	1	1	2
OG0001878	1	1	2
OG0001879	1	1	2
OG0001880	1	1	2
OG0001881	1	1	2
OG0001882	1	1	2
OG0001883	1	1	2
OG0001884	1	1	2
OG0001885	1	1	2
OG0001886	1	1	2
OG0001887	2	0	2
OG0001888	1	1	2
OG0001889	1	1	2
OG0001890	1	1	2
OG0001891	1	1	2
OG0001892	1	1	2
OG0001893	1	1	2
OG0001894	1	1	2
OG0001895	1	1	2
OG0001896	1	1	2
OG0001897	1	1	2
OG0001898	2	0	2
OG0001899	1	1	2
OG0001900	1	1	2
OG0001901	1	1	2
OG0001902	1	1	2
OG0001903	1	1	2
OG0001904	1	1	2
OG0001905	1	1	2
OG0001906	1	1	2
OG0001907	1	1	2
OG0001908	1	1	2
OG0001909	1	1	2
OG0001910	1	1	2
OG0001911	1	1	2
OG0001912	1	1	2
OG0001913	1	1	2
OG0001914	1	1	2
OG0001915	1	1	2
OG0001916	1	1	2
OG0001917	2	0	2
OG0001918	1	1	2
OG0001919	1	1	2
OG0001920	1	1	2
OG0001921	1	1	2
OG0001922	1	1	2
OG0001923	1	1	2
OG0001924	1	1	2
OG0001925	1	1	2
OG0001926	1	1	2
OG0001927	1	1	2
OG0001928	1	1	2
OG0001929	1	1	2
OG0001930	1	1	2
OG0001931	1	1	2
OG0001932	1	1	2
OG0001933	1	1	2
OG0001934	1	1	2
OG0001935	1	1	2
OG0001936	1	1	2
OG0001937	1	1	2
OG0001938	1	1	2
OG0001939	1	1	2
OG0001940	1	1	2
OG0001941	1	1	2
OG0001942	1	1	2
OG0001943	1	1	2
OG0001944	1	1	2
OG0001945	1	1	2
OG0001946	1	1	2
OG0001947	1	1	2
OG0001948	1	1	2
OG0001949	1	1	2
OG0001950	1	1	2
OG0001951	2	0	2
OG0001952	1	1	2
OG0001953	1	1	2
OG0001954	1	1	2
OG0001955	1	1	2
OG0001956	1	1	2
OG0001957	1	1	2
OG0001958	1	1	2
OG0001959	1	1	2
OG0001960	1	1	2
OG0001961	1	1	2
OG0001962	1	1	2
OG0001963	1	1	2
OG0001964	1	1	2
OG0001965	1	1	2
OG0001966	1	1	2
OG0001967	1	1	2
OG0001968	1	1	2
OG0001969	2	0	2
OG0001970	1	1	2
OG0001971	1	1	2
OG0001972	1	1	2
OG0001973	1	1	2
OG0001974	1	1	2
OG0001975	1	1	2
OG0001976	1	1	2
OG0001977	1	1	2
OG0001978	1	1	2
OG0001979	1	1	2
OG0001980	1	1	2
OG0001981	1	1	2
OG0001982	1	1	2
OG0001983	1	1	2
OG0001984	1	1	2
OG0001985	1	1	2
OG0001986	1	1	2
OG0001987	1	1	2
OG0001988	1	1	2
OG0001989	1	1	2
OG0001990	1	1	2
OG0001991	2	0	2
OG0001992	1	1	2
OG0001993	1	1	2
OG0001994	1	1	2
OG0001995	1	1	2
OG0001996	1	1	2
OG0001997	1	1	2
OG0001998	1	1	2
OG0001999	1	1	2
OG0002000	1	1	2
OG0002001	1	1	2
OG0002002	1	1	2
OG0002003	1	1	2
OG0002004	1	1	2
OG0002005	1	1	2
OG0002006	1	1	2
OG0002007	1	1	2
OG0002008	1	1	2
OG0002009	1	1	2
OG0002010	1	1	2
OG0002011	1	1	2
OG0002012	1	1	2
OG0002013	1	1	2
OG0002014	1	1	2
OG0002015	1	1	2
OG0002016	1	1	2
OG0002017	1	1	2
OG0002018	1	1	2
OG0002019	1	1	2
OG0002020	1	1	2
OG0002021	1	1	2
OG0002022	1	1	2
OG0002023	1	1	2
OG0002024	1	1	2
OG0002025	1	1	2
OG0002026	1	1	2
OG0002027	1	1	2
OG0002028	1	1	2
OG0002029	1	1	2
OG0002030	1	1	2
OG0002031	1	1	2
OG0002032	1	1	2
OG0002033	1	1	2
OG0002034	1	1	2
OG0002035	1	1	2
OG0002036	1	1	2
OG0002037	1	1	2
OG0002038	1	1	2
OG0002039	1	1	2
OG0002040	1	1	2
OG0002041	2	0	2
OG0002042	2	0	2
OG0002043	1	1	2
OG0002044	1	1	2
OG0002045	1	1	2
OG0002046	1	1	2
OG0002047	1	1	2
OG0002048	1	1	2
OG0002049	1	1	2
OG0002050	1	1	2
OG0002051	1	1	2
OG0002052	1	1	2
OG0002053	1	1	2
OG0002054	1	1	2
OG0002055	1	1	2
OG0002056	2	0	2
OG0002057	1	1	2
OG0002058	1	1	2
OG0002059	1	1	2
OG0002060	1	1	2
OG0002061	1	1	2
OG0002062	1	1	2
OG0002063	1	1	2
OG0002064	1	1	2
OG0002065	1	1	2
OG0002066	1	1	2
OG0002067	1	1	2
OG0002068	1	1	2
OG0002069	1	1	2
OG0002070	2	0	2
OG0002071	1	1	2
OG0002072	1	1	2
OG0002073	1	1	2
OG0002074	2	0	2
OG0002075	1	1	2
OG0002076	1	1	2
OG0002077	1	1	2
OG0002078	1	1	2
OG0002079	1	1	2
OG0002080	1	1	2
OG0002081	1	1	2
OG0002082	1	1	2
OG0002083	1	1	2
OG0002084	1	1	2
OG0002085	2	0	2
OG0002086	1	1	2
OG0002087	1	1	2
OG0002088	1	1	2
OG0002089	1	1	2
OG0002090	2	0	2
OG0002091	2	0	2
OG0002092	1	1	2
OG0002093	2	0	2
OG0002094	1	1	2
OG0002095	1	1	2
OG0002096	1	1	2
OG0002097	1	1	2
OG0002098	1	1	2
OG0002099	1	1	2
OG0002100	1	1	2
OG0002101	1	1	2
OG0002102	1	1	2
OG0002103	1	1	2
OG0002104	1	1	2
OG0002105	1	1	2
OG0002106	1	1	2
OG0002107	1	1	2
OG0002108	1	1	2
OG0002109	1	1	2
OG0002110	1	1	2
OG0002111	1	1	2
OG0002112	1	1	2
OG0002113	1	1	2
OG0002114	1	1	2
OG0002115	1	1	2
OG0002116	1	1	2
OG0002117	1	1	2
OG0002118	1	1	2
OG0002119	1	1	2
OG0002120	1	1	2
OG0002121	1	1	2
OG0002122	1	1	2
OG0002123	1	1	2
OG0002124	1	1	2
OG0002125	1	1	2
OG0002126	1	1	2
OG0002127	1	1	2
OG0002128	1	1	2
OG0002129	1	1	2
OG0002130	1	1	2
OG0002131	1	1	2
OG0002132	1	1	2
OG0002133	1	1	2
OG0002134	1	1	2
OG0002135	1	1	2
OG0002136	1	1	2
OG0002137	1	1	2
OG0002138	1	1	2
OG0002139	1	1	2
OG0002140	1	1	2
OG0002141	1	1	2
OG0002142	1	1	2
OG0002143	1	1	2
OG0002144	1	1	2
OG0002145	1	1	2
OG0002146	1	1	2
OG0002147	1	1	2
OG0002148	1	1	2
OG0002149	1	1	2
OG0002150	1	1	2
OG0002151	1	1	2
OG0002152	1	1	2
OG0002153	1	1	2
OG0002154	1	1	2
OG0002155	2	0	2
OG0002156	1	1	2
OG0002157	1	1	2
OG0002158	1	1	2
OG0002159	1	1	2
OG0002160	1	1	2
OG0002161	1	1	2
OG0002162	1	1	2
OG0002163	1	1	2
OG0002164	1	1	2
OG0002165	1	1	2
OG0002166	2	0	2
OG0002167	1	1	2
OG0002168	1	1	2
OG0002169	2	0	2
OG0002170	1	1	2
OG0002171	1	1	2
OG0002172	1	1	2
OG0002173	1	1	2
OG0002174	2	0	2
OG0002175	1	1	2
OG0002176	2	0	2
OG0002177	1	1	2
OG0002178	1	1	2
OG0002179	1	1	2
OG0002180	1	1	2
OG0002181	1	1	2
OG0002182	2	0	2
OG0002183	1	1	2
OG0002184	1	1	2
OG0002185	1	1	2
OG0002186	1	1	2
OG0002187	1	1	2
OG0002188	1	1	2
OG0002189	1	1	2
OG0002190	1	1	2
OG0002191	1	1	2
OG0002192	1	1	2
OG0002193	1	1	2
OG0002194	1	1	2
OG0002195	1	1	2
OG0002196	1	1	2
OG0002197	2	0	2
OG0002198	1	1	2
OG0002199	1	1	2
OG0002200	1	1	2
OG0002201	1	1	2
OG0002202	1	1	2
OG0002203	1	1	2
OG0002204	1	1	2
OG0002205	1	1	2
OG0002206	1	1	2
OG0002207	1	1	2
OG0002208	1	1	2
OG0002209	2	0	2
OG0002210	1	1	2
OG0002211	1	1	2
OG0002212	1	1	2
OG0002213	1	1	2
OG0002214	1	1	2
OG0002215	1	1	2
OG0002216	1	1	2
OG0002217	1	1	2
OG0002218	2	0	2
OG0002219	1	1	2
OG0002220	1	1	2
OG0002221	1	1	2
OG0002222	1	1	2
OG0002223	1	1	2
OG0002224	1	1	2
OG0002225	1	1	2
OG0002226	1	1	2
OG0002227	1	1	2
OG0002228	1	1	2
OG0002229	1	1	2
OG0002230	1	1	2
OG0002231	1	1	2
OG0002232	1	1	2
OG0002233	1	1	2
OG0002234	2	0	2
OG0002235	1	1	2
OG0002236	1	1	2
OG0002237	1	1	2
OG0002238	1	1	2
OG0002239	2	0	2
OG0002240	1	1	2
OG0002241	1	1	2
OG0002242	1	1	2
OG0002243	1	1	2
OG0002244	1	1	2
OG0002245	1	1	2
OG0002246	1	1	2
OG0002247	1	1	2
OG0002248	1	1	2
OG0002249	1	1	2
OG0002250	1	1	2
OG0002251	1	1	2
OG0002252	1	1	2
OG0002253	1	1	2
OG0002254	1	1	2
OG0002255	1	1	2
OG0002256	1	1	2
OG0002257	1	1	2
OG0002258	1	1	2
OG0002259	1	1	2
OG0002260	1	1	2
OG0002261	1	1	2
OG0002262	1	1	2
OG0002263	1	1	2
OG0002264	1	1	2
OG0002265	1	1	2
OG0002266	1	1	2
OG0002267	1	1	2
OG0002268	1	1	2
OG0002269	1	1	2
OG0002270	1	1	2
OG0002271	1	1	2
OG0002272	1	1	2
OG0002273	1	1	2
OG0002274	1	1	2
OG0002275	1	1	2
OG0002276	1	1	2
OG0002277	1	1	2
OG0002278	1	1	2
OG0002279	1	1	2
OG0002280	1	1	2
OG0002281	1	1	2
OG0002282	1	1	2
OG0002283	1	1	2
OG0002284	1	1	2
OG0002285	2	0	2
OG0002286	1	1	2
OG0002287	1	1	2
OG0002288	1	1	2
OG0002289	1	1	2
OG0002290	1	1	2
OG0002291	1	1	2
OG0002292	1	1	2
OG0002293	1	1	2
OG0002294	1	1	2
OG0002295	1	1	2
OG0002296	1	1	2
OG0002297	1	1	2
OG0002298	1	1	2
OG0002299	2	0	2
OG0002300	1	1	2
OG0002301	1	1	2
OG0002302	2	0	2
OG0002303	1	1	2
OG0002304	1	1	2
OG0002305	1	1	2
OG0002306	1	1	2
OG0002307	1	1	2
OG0002308	1	1	2
OG0002309	1	1	2
OG0002310	1	1	2
OG0002311	1	1	2
OG0002312	1	1	2
OG0002313	1	1	2
OG0002314	1	1	2
OG0002315	1	1	2
OG0002316	1	1	2
OG0002317	1	1	2
OG0002318	1	1	2
OG0002319	1	1	2
OG0002320	1	1	2
OG0002321	1	1	2
OG0002322	1	1	2
OG0002323	1	1	2
OG0002324	1	1	2
OG0002325	2	0	2
OG0002326	1	1	2
OG0002327	1	1	2
OG0002328	2	0	2
OG0002329	1	1	2
OG0002330	1	1	2
OG0002331	1	1	2
OG0002332	1	1	2
OG0002333	1	1	2
OG0002334	1	1	2
OG0002335	2	0	2
OG0002336	1	1	2
OG0002337	1	1	2
OG0002338	1	1	2
OG0002339	1	1	2
OG0002340	2	0	2
OG0002341	1	1	2
OG0002342	2	0	2
OG0002343	2	0	2
OG0002344	1	1	2
OG0002345	1	1	2
OG0002346	1	1	2
OG0002347	1	1	2
OG0002348	1	1	2
OG0002349	1	1	2
OG0002350	1	1	2
OG0002351	1	1	2
OG0002352	1	1	2
OG0002353	1	1	2
OG0002354	1	1	2
OG0002355	1	1	2
OG0002356	1	1	2
OG0002357	1	1	2
OG0002358	1	1	2
OG0002359	1	1	2
OG0002360	1	1	2
OG0002361	1	1	2
OG0002362	1	1	2
OG0002363	1	1	2
OG0002364	1	1	2
OG0002365	2	0	2
OG0002366	1	1	2
OG0002367	1	1	2
OG0002368	1	1	2
OG0002369	1	1	2
OG0002370	1	1	2
OG0002371	1	1	2
OG0002372	1	1	2
OG0002373	1	1	2
OG0002374	1	1	2
OG0002375	1	1	2
OG0002376	1	1	2
OG0002377	1	1	2
OG0002378	1	1	2
OG0002379	1	1	2
OG0002380	1	1	2
OG0002381	1	1	2
OG0002382	1	1	2
OG0002383	1	1	2
OG0002384	2	0	2
OG0002385	1	1	2
OG0002386	1	1	2
OG0002387	1	1	2
OG0002388	1	1	2
OG0002389	1	1	2
OG0002390	1	1	2
OG0002391	1	1	2
OG0002392	1	1	2
OG0002393	1	1	2
OG0002394	1	1	2
OG0002395	1	1	2
OG0002396	1	1	2
OG0002397	1	1	2
OG0002398	1	1	2
OG0002399	1	1	2
OG0002400	1	1	2
OG0002401	1	1	2
OG0002402	1	1	2
OG0002403	1	1	2
OG0002404	1	1	2
OG0002405	1	1	2
OG0002406	1	1	2
OG0002407	1	1	2
OG0002408	1	1	2
OG0002409	1	1	2
OG0002410	1	1	2
OG0002411	1	1	2
OG0002412	1	1	2
OG0002413	1	1	2
OG0002414	1	1	2
OG0002415	1	1	2
OG0002416	1	1	2
OG0002417	1	1	2
OG0002418	1	1	2
OG0002419	1	1	2
OG0002420	1	1	2
OG0002421	1	1	2
OG0002422	1	1	2
OG0002423	2	0	2
OG0002424	1	1	2
OG0002425	1	1	2
OG0002426	1	1	2
OG0002427	1	1	2
OG0002428	1	1	2
OG0002429	1	1	2
OG0002430	1	1	2
OG0002431	1	1	2
OG0002432	1	1	2
OG0002433	1	1	2
OG0002434	1	1	2
OG0002435	1	1	2
OG0002436	1	1	2
OG0002437	1	1	2
OG0002438	1	1	2
OG0002439	1	1	2
OG0002440	1	1	2
OG0002441	1	1	2
OG0002442	1	1	2
OG0002443	1	1	2
OG0002444	1	1	2
OG0002445	1	1	2
OG0002446	1	1	2
OG0002447	1	1	2
OG0002448	1	1	2
OG0002449	1	1	2
OG0002450	1	1	2
OG0002451	1	1	2
OG0002452	1	1	2
OG0002453	1	1	2
OG0002454	1	1	2
OG0002455	1	1	2
OG0002456	1	1	2
OG0002457	1	1	2
OG0002458	1	1	2
OG0002459	1	1	2
OG0002460	1	1	2
OG0002461	1	1	2
OG0002462	1	1	2
OG0002463	1	1	2
OG0002464	1	1	2
OG0002465	1	1	2
OG0002466	1	1	2
OG0002467	1	1	2
OG0002468	1	1	2
OG0002469	1	1	2
OG0002470	1	1	2
OG0002471	1	1	2
OG0002472	1	1	2
OG0002473	2	0	2
OG0002474	1	1	2
OG0002475	1	1	2
OG0002476	1	1	2
OG0002477	1	1	2
OG0002478	1	1	2
OG0002479	2	0	2
OG0002480	1	1	2
OG0002481	1	1	2
OG0002482	1	1	2
OG0002483	2	0	2
OG0002484	1	1	2
OG0002485	1	1	2
OG0002486	1	1	2
OG0002487	1	1	2
OG0002488	1	1	2
OG0002489	1	1	2
OG0002490	1	1	2
OG0002491	1	1	2
OG0002492	1	1	2
OG0002493	1	1	2
OG0002494	1	1	2
OG0002495	1	1	2
OG0002496	1	1	2
OG0002497	1	1	2
OG0002498	1	1	2
OG0002499	1	1	2
OG0002500	1	1	2
OG0002501	1	1	2
OG0002502	1	1	2
OG0002503	1	1	2
OG0002504	1	1	2
OG0002505	1	1	2
OG0002506	1	1	2
OG0002507	1	1	2
OG0002508	1	1	2
OG0002509	1	1	2
OG0002510	1	1	2
OG0002511	1	1	2
OG0002512	1	1	2
OG0002513	1	1	2
OG0002514	1	1	2
OG0002515	1	1	2
OG0002516	1	1	2
OG0002517	1	1	2
OG0002518	1	1	2
OG0002519	1	1	2
OG0002520	1	1	2
OG0002521	1	1	2
OG0002522	1	1	2
OG0002523	1	1	2
OG0002524	1	1	2
OG0002525	1	1	2
OG0002526	1	1	2
OG0002527	1	1	2
OG0002528	1	1	2
OG0002529	1	1	2
OG0002530	1	1	2
OG0002531	1	1	2
OG0002532	1	1	2
OG0002533	2	0	2
OG0002534	2	0	2
OG0002535	2	0	2
OG0002536	1	1	2
OG0002537	2	0	2
OG0002538	2	0	2
OG0002539	1	1	2
OG0002540	2	0	2
OG0002541	1	1	2
OG0002542	1	1	2
OG0002543	2	0	2
OG0002544	1	1	2
OG0002545	2	0	2
OG0002546	2	0	2
OG0002547	2	0	2
OG0002548	1	1	2
OG0002549	1	1	2
OG0002550	1	1	2
OG0002551	1	1	2
OG0002552	1	1	2
OG0002553	1	1	2
OG0002554	1	1	2
OG0002555	1	1	2
OG0002556	1	1	2
OG0002557	1	1	2
OG0002558	1	1	2
OG0002559	1	1	2
OG0002560	1	1	2
OG0002561	1	1	2
OG0002562	1	1	2
OG0002563	1	1	2
OG0002564	1	1	2
OG0002565	1	1	2
OG0002566	1	1	2
OG0002567	1	1	2
OG0002568	1	1	2
OG0002569	1	1	2
OG0002570	1	1	2
OG0002571	1	1	2
OG0002572	1	1	2
OG0002573	1	1	2
OG0002574	1	1	2
OG0002575	1	1	2
OG0002576	1	1	2
OG0002577	1	1	2
OG0002578	2	0	2
OG0002579	1	1	2
OG0002580	1	1	2
OG0002581	1	1	2
OG0002582	1	1	2
OG0002583	1	1	2
OG0002584	2	0	2
OG0002585	2	0	2
OG0002586	2	0	2
OG0002587	2	0	2
OG0002588	1	1	2
OG0002589	1	1	2
OG0002590	2	0	2
OG0002591	1	1	2
OG0002592	2	0	2
OG0002593	2	0	2
OG0002594	1	1	2
OG0002595	1	1	2
OG0002596	1	1	2
OG0002597	1	1	2
OG0002598	1	1	2
OG0002599	1	1	2
OG0002600	1	1	2
OG0002601	2	0	2
OG0002602	1	1	2
OG0002603	1	1	2
OG0002604	1	1	2
OG0002605	1	1	2
OG0002606	1	1	2
OG0002607	1	1	2
OG0002608	1	1	2
OG0002609	1	1	2
OG0002610	1	1	2
OG0002611	1	1	2
OG0002612	1	1	2
OG0002613	2	0	2
OG0002614	1	1	2
OG0002615	1	1	2
OG0002616	1	1	2
OG0002617	1	1	2
OG0002618	1	1	2
OG0002619	1	1	2
OG0002620	2	0	2
OG0002621	1	1	2
OG0002622	1	1	2
OG0002623	1	1	2
OG0002624	1	1	2
OG0002625	1	1	2
OG0002626	1	1	2
OG0002627	1	1	2
OG0002628	1	1	2
OG0002629	1	1	2
OG0002630	1	1	2
OG0002631	1	1	2
OG0002632	2	0	2
OG0002633	2	0	2
OG0002634	1	1	2
OG0002635	1	1	2
OG0002636	1	1	2
OG0002637	1	1	2
OG0002638	1	1	2
OG0002639	1	1	2
OG0002640	1	1	2
OG0002641	2	0	2
OG0002642	1	1	2
OG0002643	2	0	2
OG0002644	1	1	2
OG0002645	1	1	2
OG0002646	2	0	2
OG0002647	1	1	2
OG0002648	1	1	2
OG0002649	1	1	2
OG0002650	1	1	2
OG0002651	1	1	2
OG0002652	1	1	2
OG0002653	1	1	2
OG0002654	1	1	2
OG0002655	2	0	2
OG0002656	1	1	2
OG0002657	2	0	2
OG0002658	1	1	2
OG0002659	1	1	2
OG0002660	1	1	2
OG0002661	1	1	2
OG0002662	1	1	2
OG0002663	1	1	2
OG0002664	1	1	2
OG0002665	1	1	2
OG0002666	1	1	2
OG0002667	1	1	2
OG0002668	1	1	2
OG0002669	1	1	2
OG0002670	1	1	2
OG0002671	1	1	2
OG0002672	1	1	2
OG0002673	1	1	2
OG0002674	1	1	2
OG0002675	1	1	2
OG0002676	1	1	2
OG0002677	1	1	2
OG0002678	1	1	2
OG0002679	1	1	2
OG0002680	1	1	2
OG0002681	1	1	2
OG0002682	1	1	2
OG0002683	1	1	2
OG0002684	1	1	2
OG0002685	1	1	2
OG0002686	1	1	2
OG0002687	1	1	2
OG0002688	1	1	2
OG0002689	1	1	2
OG0002690	1	1	2
OG0002691	1	1	2
OG0002692	1	1	2
OG0002693	1	1	2
OG0002694	1	1	2
OG0002695	1	1	2
OG0002696	1	1	2
OG0002697	1	1	2
OG0002698	1	1	2
OG0002699	1	1	2
OG0002700	1	1	2
OG0002701	1	1	2
OG0002702	1	1	2
OG0002703	1	1	2
OG0002704	1	1	2
OG0002705	2	0	2
OG0002706	1	1	2
OG0002707	1	1	2
OG0002708	1	1	2
OG0002709	1	1	2
OG0002710	1	1	2
OG0002711	1	1	2
OG0002712	1	1	2
OG0002713	1	1	2
OG0002714	1	1	2
OG0002715	2	0	2
OG0002716	2	0	2
OG0002717	1	1	2
OG0002718	1	1	2
OG0002719	2	0	2
OG0002720	1	1	2
OG0002721	1	1	2
OG0002722	1	1	2
OG0002723	1	1	2
OG0002724	1	1	2
OG0002725	1	1	2
OG0002726	1	1	2
OG0002727	1	1	2
OG0002728	1	1	2
OG0002729	1	1	2
OG0002730	1	1	2
OG0002731	1	1	2
OG0002732	1	1	2
OG0002733	1	1	2
OG0002734	1	1	2
OG0002735	1	1	2
OG0002736	1	1	2
OG0002737	1	1	2
OG0002738	1	1	2
OG0002739	1	1	2
OG0002740	1	1	2
OG0002741	1	1	2
OG0002742	1	1	2
OG0002743	1	1	2
OG0002744	1	1	2
OG0002745	1	1	2
OG0002746	1	1	2
OG0002747	1	1	2
OG0002748	1	1	2
OG0002749	1	1	2
OG0002750	2	0	2
OG0002751	1	1	2
OG0002752	1	1	2
OG0002753	1	1	2
OG0002754	1	1	2
OG0002755	2	0	2
OG0002756	1	1	2
OG0002757	1	1	2
OG0002758	1	1	2
OG0002759	1	1	2
OG0002760	1	1	2
OG0002761	1	1	2
OG0002762	1	1	2
OG0002763	1	1	2
OG0002764	1	1	2
OG0002765	1	1	2
OG0002766	1	1	2
OG0002767	1	1	2
OG0002768	1	1	2
OG0002769	2	0	2
OG0002770	1	1	2
OG0002771	1	1	2
OG0002772	1	1	2
OG0002773	1	1	2
OG0002774	1	1	2
OG0002775	1	1	2
OG0002776	1	1	2
OG0002777	2	0	2
OG0002778	2	0	2
OG0002779	1	1	2
OG0002780	1	1	2
OG0002781	1	1	2
OG0002782	1	1	2
OG0002783	1	1	2
OG0002784	2	0	2
OG0002785	1	1	2
OG0002786	1	1	2
OG0002787	1	1	2
OG0002788	1	1	2
OG0002789	1	1	2
OG0002790	1	1	2
OG0002791	1	1	2
OG0002792	1	1	2
OG0002793	2	0	2
OG0002794	2	0	2
OG0002795	2	0	2
OG0002796	1	1	2
OG0002797	1	1	2
OG0002798	1	1	2
OG0002799	1	1	2
OG0002800	1	1	2
OG0002801	1	1	2
OG0002802	1	1	2
OG0002803	1	1	2
OG0002804	1	1	2
OG0002805	1	1	2
OG0002806	1	1	2
OG0002807	1	1	2
OG0002808	1	1	2
OG0002809	1	1	2
OG0002810	1	1	2
OG0002811	1	1	2
OG0002812	1	1	2
OG0002813	1	1	2
OG0002814	1	1	2
OG0002815	2	0	2
OG0002816	1	1	2
OG0002817	1	1	2
OG0002818	1	1	2
OG0002819	1	1	2
OG0002820	1	1	2
OG0002821	2	0	2
OG0002822	1	1	2
OG0002823	2	0	2
OG0002824	2	0	2
OG0002825	1	1	2
OG0002826	1	1	2
OG0002827	1	1	2
OG0002828	1	1	2
OG0002829	1	1	2
OG0002830	1	1	2
OG0002831	1	1	2
OG0002832	2	0	2
OG0002833	1	1	2
OG0002834	2	0	2
OG0002835	1	1	2
OG0002836	1	1	2
OG0002837	1	1	2
OG0002838	1	1	2
OG0002839	1	1	2
OG0002840	1	1	2
OG0002841	1	1	2
OG0002842	1	1	2
OG0002843	1	1	2
OG0002844	1	1	2
OG0002845	1	1	2
OG0002846	1	1	2
OG0002847	2	0	2
OG0002848	1	1	2
OG0002849	1	1	2
OG0002850	1	1	2
OG0002851	1	1	2
OG0002852	1	1	2
OG0002853	1	1	2
OG0002854	1	1	2
OG0002855	1	1	2
OG0002856	2	0	2
OG0002857	1	1	2
OG0002858	1	1	2
OG0002859	1	1	2
OG0002860	1	1	2
OG0002861	1	1	2
OG0002862	1	1	2
OG0002863	1	1	2
OG0002864	1	1	2
OG0002865	1	1	2
OG0002866	1	1	2
OG0002867	1	1	2
OG0002868	1	1	2
OG0002869	1	1	2
OG0002870	1	1	2
OG0002871	1	1	2
OG0002872	2	0	2
OG0002873	2	0	2
OG0002874	2	0	2
OG0002875	1	1	2
OG0002876	2	0	2
OG0002877	2	0	2
OG0002878	1	1	2
OG0002879	1	1	2
OG0002880	1	1	2
OG0002881	1	1	2
OG0002882	1	1	2
OG0002883	1	1	2
OG0002884	1	1	2
OG0002885	1	1	2
OG0002886	1	1	2
OG0002887	1	1	2
OG0002888	1	1	2
OG0002889	1	1	2
OG0002890	0	2	2
OG0002891	0	2	2
OG0002892	0	2	2
OG0002893	0	2	2
OG0002894	0	2	2
OG0002895	0	2	2
OG0002896	0	2	2
OG0002897	0	2	2
OG0002898	0	2	2
OG0002899	0	2	2
OG0002900	0	2	2
OG0002901	0	2	2
OG0002902	0	2	2
OG0002903	0	2	2
OG0002904	0	2	2
OG0002905	0	2	2
OG0002906	0	2	2
OG0002907	0	2	2
OG0002908	0	2	2
OG0002909	0	2	2
OG0002910	0	2	2
OG0002911	0	2	2
OG0002912	0	2	2
OG0002913	0	2	2
OG0002914	0	2	2
OG0002915	0	2	2
OG0002916	0	2	2
OG0002917	0	2	2
OG0002918	0	2	2
OG0002919	0	2	2
OG0002920	0	2	2
OG0002921	0	2	2
OG0002922	0	2	2
OG0002923	0	2	2
OG0002924	0	2	2
OG0002925	0	2	2
OG0002926	0	2	2
OG0002927	0	2	2
OG0002928	0	2	2
OG0002929	0	2	2
OG0002930	0	2	2
OG0002931	0	2	2
OG0002932	0	2	2
OG0002933	0	2	2
OG0002934	0	2	2
OG0002935	0	2	2
OG0002936	0	2	2
OG0002937	0	2	2
OG0002938	0	2	2
OG0002939	0	2	2
OG0002940	0	2	2
OG0002941	0	2	2
OG0002942	0	2	2
OG0002943	0	2	2
OG0002944	0	2	2
OG0002945	0	2	2
OG0002946	0	2	2
OG0002947	0	2	2
OG0002948	0	2	2
OG0002949	0	2	2
OG0002950	0	2	2
OG0002951	0	2	2
OG0002952	0	2	2
OG0002953	0	2	2
OG0002954	0	2	2
OG0002955	0	2	2
OG0002956	0	2	2
OG0002957	0	2	2
OG0002958	0	2	2
OG0002959	0	2	2
OG0002960	0	2	2
OG0002961	0	2	2
OG0002962	0	2	2
OG0002963	0	2	2
OG0002964	0	2	2
OG0002965	0	2	2
OG0002966	0	2	2
OG0002967	0	2	2
OG0002968	0	2	2
OG0002969	0	2	2
OG0002970	0	2	2
OG0002971	0	2	2
OG0002972	0	2	2
OG0002973	0	2	2
OG0002974	0	2	2
OG0002975	0	2	2
OG0002976	0	2	2
OG0002977	0	2	2
OG0002978	0	2	2
OG0002979	0	2	2
OG0002980	0	2	2
OG0002981	0	2	2
OG0002982	0	2	2
OG0002983	0	2	2
OG0002984	0	2	2
OG0002985	0	2	2
OG0002986	0	2	2
OG0002987	0	2	2
OG0002988	0	2	2
OG0002989	0	2	2
OG0002990	0	2	2
OG0002991	0	2	2
OG0002992	0	2	2
OG0002993	0	2	2
OG0002994	0	2	2
OG0002995	0	2	2
OG0002996	0	2	2
OG0002997	0	2	2
OG0002998	0	2	2
OG0002999	0	2	2
OG0003000	0	2	2
OG0003001	0	2	2
OG0003002	0	2	2
OG0003003	0	2	2
OG0003004	0	2	2
OG0003005	0	2	2
OG0003006	0	2	2
OG0003007	0	2	2
OG0003008	0	2	2
OG0003009	0	2	2
OG0003010	0	2	2
OG0003011	0	2	2
OG0003012	0	2	2
OG0003013	0	2	2
OG0003014	0	2	2
OG0003015	0	2	2
OG0003016	0	2	2
OG0003017	0	2	2
OG0003018	0	2	2
OG0003019	0	2	2
OG0003020	0	2	2
OG0003021	0	2	2
OG0003022	0	2	2
OG0003023	0	2	2
OG0003024	0	2	2
OG0003025	0	2	2
OG0003026	0	2	2
OG0003027	0	2	2
OG0003028	0	2	2
OG0003029	0	2	2
OG0003030	0	2	2
OG0003031	0	2	2
OG0003032	0	2	2
OG0003033	0	2	2
OG0003034	0	2	2
OG0003035	0	2	2
OG0003036	0	2	2
OG0003037	0	2	2
OG0003038	0	2	2
OG0003039	0	2	2
OG0003040	0	2	2
OG0003041	0	2	2
OG0003042	0	2	2
OG0003043	0	2	2
OG0003044	0	2	2
OG0003045	0	2	2
OG0003046	0	2	2
OG0003047	0	2	2
OG0003048	0	2	2
OG0003049	0	2	2
OG0003050	0	2	2
OG0003051	0	2	2
OG0003052	0	2	2
OG0003053	0	2	2
OG0003054	0	2	2
OG0003055	0	2	2
OG0003056	0	2	2
OG0003057	0	2	2
OG0003058	0	2	2
OG0003059	0	2	2
OG0003060	0	2	2
OG0003061	0	2	2
OG0003062	0	2	2
OG0003063	0	2	2
OG0003064	0	2	2
OG0003065	0	2	2
OG0003066	0	2	2
OG0003067	0	2	2
OG0003068	0	2	2
OG0003069	0	2	2
OG0003070	0	2	2
OG0003071	0	2	2
OG0003072	0	2	2
OG0003073	0	2	2
OG0003074	0	2	2
OG0003075	0	2	2
OG0003076	0	2	2
OG0003077	0	2	2
OG0003078	0	2	2
OG0003079	0	2	2
OG0003080	0	2	2
OG0003081	0	2	2
OG0003082	0	2	2
OG0003083	0	2	2
OG0003084	0	2	2
OG0003085	0	2	2
OG0003086	0	2	2
OG0003087	0	2	2
OG0003088	0	2	2
OG0003089	0	2	2
OG0003090	0	2	2
OG0003091	0	2	2
OG0003092	0	2	2
OG0003093	0	2	2
OG0003094	0	2	2
OG0003095	0	2	2
OG0003096	0	2	2
OG0003097	0	2	2
OG0003098	0	2	2
OG0003099	0	2	2
OG0003100	0	2	2
OG0003101	0	2	2
OG0003102	0	2	2
OG0003103	0	2	2
OG0003104	0	2	2
OG0003105	0	2	2
OG0003106	0	2	2
OG0003107	0	2	2
OG0003108	0	2	2
OG0003109	0	2	2
OG0003110	0	2	2
OG0003111	0	2	2
OG0003112	0	2	2
OG0003113	0	2	2
OG0003114	0	2	2
OG0003115	0	2	2
OG0003116	0	2	2
OG0003117	0	2	2
OG0003118	0	2	2
OG0003119	0	2	2
OG0003120	0	2	2
OG0003121	0	2	2
OG0003122	0	2	2
OG0003123	0	2	2
OG0003124	0	2	2
OG0003125	0	2	2
OG0003126	0	2	2
OG0003127	0	2	2
OG0003128	0	2	2
OG0003129	0	2	2
OG0003130	0	2	2
OG0003131	0	2	2
OG0003132	0	2	2
OG0003133	0	2	2
OG0003134	0	2	2
OG0003135	0	2	2
OG0003136	0	2	2
OG0003137	0	2	2
OG0003138	0	2	2
OG0003139	0	2	2
OG0003140	0	2	2
OG0003141	0	2	2
OG0003142	0	2	2
OG0003143	0	2	2
OG0003144	0	2	2
OG0003145	0	2	2
OG0003146	0	2	2
OG0003147	0	2	2
OG0003148	0	2	2
OG0003149	0	2	2
OG0003150	0	2	2
OG0003151	0	2	2
OG0003152	0	2	2
OG0003153	0	2	2
OG0003154	0	2	2
OG0003155	0	2	2
OG0003156	0	2	2
OG0003157	0	2	2
OG0003158	0	2	2
OG0003159	0	2	2
OG0003160	0	2	2
OG0003161	0	2	2
OG0003162	0	2	2
OG0003163	0	2	2
OG0003164	0	2	2
OG0003165	0	2	2
OG0003166	0	2	2
OG0003167	0	2	2
OG0003168	0	2	2
OG0003169	0	2	2
OG0003170	0	2	2
OG0003171	0	2	2
OG0003172	0	2	2
OG0003173	0	2	2
OG0003174	0	2	2
OG0003175	0	2	2
OG0003176	0	2	2
OG0003177	0	2	2
OG0003178	0	2	2
OG0003179	0	2	2
OG0003180	0	2	2
OG0003181	0	2	2
OG0003182	0	2	2
OG0003183	0	2	2
OG0003184	0	2	2
OG0003185	0	2	2
OG0003186	0	2	2
OG0003187	0	2	2
OG0003188	0	2	2
OG0003189	0	2	2
OG0003190	0	2	2
OG0003191	0	2	2
OG0003192	0	2	2
OG0003193	0	2	2
OG0003194	0	2	2
OG0003195	0	2	2
OG0003196	0	2	2
OG0003197	0	2	2
OG0003198	0	2	2
OG0003199	0	2	2
OG0003200	0	2	2
OG0003201	0	2	2
OG0003202	0	2	2
OG0003203	0	2	2
OG0003204	0	2	2
OG0003205	0	2	2
OG0003206	0	2	2
OG0003207	0	2	2
OG0003208	0	2	2
OG0003209	0	2	2
OG0003210	0	2	2
OG0003211	0	2	2
OG0003212	0	2	2
OG0003213	0	2	2
OG0003214	0	2	2
OG0003215	0	2	2
OG0003216	0	2	2
OG0003217	0	2	2
OG0003218	0	2	2
OG0003219	0	2	2
OG0003220	0	2	2
OG0003221	0	2	2
OG0003222	0	2	2
OG0003223	0	2	2
OG0003224	0	2	2
OG0003225	0	2	2
OG0003226	0	2	2
OG0003227	0	2	2
OG0003228	0	2	2
OG0003229	0	2	2
OG0003230	0	2	2
OG0003231	0	2	2
OG0003232	0	2	2
OG0003233	0	2	2
OG0003234	0	2	2
OG0003235	0	2	2
OG0003236	0	2	2
OG0003237	0	2	2
OG0003238	0	2	2
OG0003239	0	2	2
OG0003240	0	2	2
OG0003241	0	2	2
OG0003242	0	2	2
OG0003243	0	2	2
OG0003244	0	2	2
OG0003245	0	2	2
OG0003246	0	2	2
OG0003247	0	2	2
OG0003248	0	2	2
OG0003249	0	2	2
OG0003250	0	2	2
OG0003251	0	2	2
OG0003252	0	2	2
OG0003253	0	2	2
OG0003254	0	2	2
OG0003255	0	2	2
OG0003256	0	2	2
OG0003257	0	2	2
OG0003258	0	2	2
OG0003259	0	2	2
OG0003260	0	2	2
OG0003261	0	2	2
OG0003262	0	2	2
OG0003263	0	2	2
OG0003264	0	2	2
OG0003265	0	2	2
OG0003266	0	2	2
OG0003267	0	2	2
OG0003268	0	2	2
OG0003269	0	2	2
OG0003270	0	2	2
OG0003271	0	2	2
OG0003272	0	2	2
OG0003273	0	2	2
OG0003274	0	2	2
OG0003275	0	2	2
OG0003276	0	2	2
OG0003277	0	2	2
OG0003278	0	2	2
OG0003279	0	2	2
OG0003280	0	2	2
OG0003281	0	2	2
