Orthogroup	Total	cog_pos_go	protein_mansoni
OG0000000	338	NP_109860.1, NP_212619.1, NP_212996.1, NP_220036.1, NP_224836.1, NP_229293.1, NP_268249.1, NP_268467.1, NP_294041.1, NP_349725.1, NP_388004.1, NP_466148.1, NP_602454.1, NP_663056.1, NP_687101.1, NP_710927.1, NP_765372.1, NP_814011.1, NP_830018.1, NP_842685.1, NP_868059.1, NP_971384.1, WP_000926310.1, WP_000928969.1, WP_000960946.1, WP_002262333.1, WP_002432945.1, WP_002614778.1, WP_002633601.1, WP_002818461.1, WP_002836117.1, WP_002952157.1, WP_003022799.1, WP_003144099.1, WP_003178341.1, WP_003247576.1, WP_003397670.1, WP_003454381.1, WP_003514637.1, WP_003641256.1, WP_003664555.1, WP_003720943.1, WP_003775199.1, WP_004101449.1, WP_004514243.1, WP_004695114.1, WP_004833615.1, WP_005686719.1, WP_005805148.1, WP_005810150.1, WP_005934913.1, WP_006342216.1, WP_006522864.1, WP_006688879.1, WP_006806083.1, WP_006828935.1, WP_006845969.1, WP_006928918.1, WP_007432576.1, WP_007494650.1, WP_007716249.1, WP_007937719.1, WP_008339779.1, WP_008393397.1, WP_008406960.1, WP_008592536.1, WP_008727113.1, WP_009015382.1, WP_009306349.1, WP_009885842.1, WP_010024553.1, WP_010052060.1, WP_010860599.1, WP_010881643.1, WP_010896324.1, WP_011026331.1, WP_011064529.1, WP_011100711.1, WP_011160582.1, WP_011183027.1, WP_011188374.1, WP_011197183.1, WP_011229627.1, WP_011345184.1, WP_011403802.1, WP_011412794.1, WP_011416222.1, WP_011522037.1, WP_011527050.1, WP_011565107.1, WP_011641701.1, WP_011698419.1, WP_011734630.1, WP_011746186.1, WP_011917784.1, WP_011955938.1, WP_012002633.1, WP_012065434.1, WP_012174143.1, WP_012201655.1, WP_012208610.1, WP_012242051.1, WP_012282478.1, WP_012301385.1, WP_012359052.1, WP_012369016.1, WP_012388934.1, WP_012415575.1, WP_012419353.1, WP_012422248.1, WP_012446689.1, WP_012499643.1, WP_012506599.1, WP_012507125.1, WP_012513318.1, WP_012525979.1, WP_012547142.1, WP_012611036.1, WP_012635083.1, WP_012656113.1, WP_012675006.1, WP_012675351.1, WP_012682369.1, WP_012741334.1, WP_012799449.1, WP_012803370.1, WP_012809238.1, WP_012829096.1, WP_012843358.1, WP_012859277.1, WP_012863395.1, WP_012871526.1, WP_012874674.1, WP_012911538.1, WP_012932827.1, WP_012963485.1, WP_012991652.1, WP_012992836.1, WP_012995905.1, WP_013008466.1, WP_013009723.1, WP_013043423.1, WP_013048035.1, WP_013074231.1, WP_013103442.1, WP_013108764.1, WP_013119214.1, WP_013159275.1, WP_013163668.1, WP_013176373.1, WP_013177543.1, WP_013182552.1, WP_013252453.1, WP_013253560.1, WP_013259722.1, WP_013274969.1, WP_013277166.1, WP_013280003.1, WP_013296984.1, WP_013362403.1, WP_013382279.1, WP_013388237.1, WP_013406403.1, WP_013451619.1, WP_013458244.1, WP_013484340.1, WP_013496662.1, WP_013496806.1, WP_013504984.1, WP_013515165.1, WP_013537023.1, WP_013564954.1, WP_013581286.1, WP_013623636.1, WP_013628393.1, WP_013637817.1, WP_013658499.1, WP_013669835.1, WP_013704501.1, WP_013706415.1, WP_013709167.1, WP_013755879.1, WP_013773073.1, WP_013777329.1, WP_013781749.1, WP_013840378.1, WP_013885667.1, WP_013908074.1, WP_013909560.1, WP_013944464.1, WP_014015742.1, WP_014080986.1, WP_014125635.1, WP_014182799.1, WP_014215726.1, WP_014245811.1, WP_014262833.1, WP_014270758.1, WP_014296361.1, WP_014395867.1, WP_014423842.1, WP_014438278.1, WP_014451921.1, WP_014453657.1, WP_014546110.1, WP_014559786.1, WP_014641428.1, WP_014730467.1, WP_014787188.1, WP_014803701.1, WP_014806372.1, WP_014812958.1, WP_014854890.1, WP_014958822.1, WP_014968395.1, WP_015008869.1, WP_015051613.1, WP_015244098.1, WP_015253295.1, WP_015325935.1, WP_015360264.1, WP_015423101.1, WP_015424853.1, WP_015642164.1, WP_015739489.1, WP_015752484.1, WP_015755967.1, WP_015778484.1, WP_015797874.1, WP_015869219.1, WP_015896577.1, WP_015905434.1, WP_015921941.1, WP_015924308.1, WP_015941731.1, WP_016309215.1, WP_016338613.1, WP_016839375.1, WP_017865744.1, WP_019225212.1, WP_019375527.1, WP_021127553.1, WP_021718961.1, WP_022382687.1, WP_022738871.1, WP_023791738.1, WP_024267235.1, WP_025208800.1, WP_025228925.1, WP_025411790.1, WP_025434541.1, WP_025734039.1, WP_027889356.1, WP_029091534.1, WP_032123920.1, WP_033116906.1, WP_036084214.1, WP_038565195.1, WP_039806290.1, WP_040201085.1, WP_041669083.1, WP_045087107.1, WP_046328190.1, WP_046789181.1, WP_047857262.1, WP_048810093.1, WP_050725875.1, WP_052571441.1, WP_053551576.1, WP_055243016.1, WP_058257301.1, WP_062100517.1, WP_062470782.1, WP_063387165.1, WP_066047596.1, WP_066237943.1, WP_066663267.1, WP_066743741.1, WP_066790910.1, WP_067204766.1, WP_068140375.1, WP_068446104.1, WP_068516093.1, WP_068550201.1, WP_069978726.1, WP_070700281.1, WP_071140211.1, WP_072693470.1, WP_075095527.1, WP_076346691.1, WP_077027273.1, WP_077139633.1, WP_077275930.1, WP_077718354.1, WP_078666525.1, WP_079536493.1, WP_085756281.1, WP_087456456.1, WP_087861520.1, WP_094233374.1, WP_095044550.1, WP_095414440.1, WP_095981178.1, WP_095986888.1, WP_096463175.1, WP_099325896.1, WP_102245272.1, WP_103082535.1, WP_106011937.1, WP_106053743.1, WP_109349836.1, WP_110173156.1, WP_111331332.1, WP_111525414.1, WP_114593371.1, WP_115585476.1, WP_116223353.1, WP_118991367.1, WP_119884320.1, WP_122030870.1, WP_123042124.1, WP_125991704.1, WP_126308391.1, WP_127018093.1, WP_128466071.1, WP_128699433.1, WP_128743852.1, WP_128744714.1, WP_129894701.1, YP_001086544.1, YP_001255955.1, YP_002249238.1, YP_003317691.1, YP_010529.1, YP_144951.1, YP_193222.1, YP_431278.1	6183.Smp_154690.1
OG0000005	303	NP_109858.1, NP_212994.1, NP_220038.1, NP_224838.1, NP_229295.1, NP_268251.1, NP_268465.1, NP_294039.1, NP_349727.1, NP_388002.1, NP_466150.1, NP_602456.1, NP_687099.1, NP_710925.1, NP_765374.1, NP_814009.1, NP_830016.1, NP_842683.1, NP_971382.1, WP_000387527.1, WP_000818137.1, WP_001148024.1, WP_001829734.1, WP_002262335.1, WP_002614788.1, WP_002625384.1, WP_002633603.1, WP_002818459.1, WP_002836114.1, WP_002887063.1, WP_003022804.1, WP_003144105.1, WP_003178337.1, WP_003247572.1, WP_003454177.1, WP_003567555.1, WP_003638065.1, WP_003664558.1, WP_003727697.1, WP_003775195.1, WP_004101446.1, WP_004233639.1, WP_004695112.1, WP_004833617.1, WP_004899456.1, WP_005805144.1, WP_005810154.1, WP_005957388.1, WP_006235036.1, WP_006322652.1, WP_006522866.1, WP_006688968.1, WP_006828933.1, WP_006845971.1, WP_007432578.1, WP_007494654.1, WP_007593354.1, WP_007937723.1, WP_008393400.1, WP_008406963.1, WP_008538875.1, WP_008592533.1, WP_009015384.1, WP_009306351.1, WP_009885840.1, WP_010024551.1, WP_010052058.1, WP_010881641.1, WP_010896322.1, WP_010936256.1, WP_011026333.1, WP_011064527.1, WP_011100714.1, WP_011183025.1, WP_011188372.1, WP_011197185.1, WP_011229625.1, WP_011345186.1, WP_011365700.1, WP_011412796.1, WP_011416219.1, WP_011420995.1, WP_011522035.1, WP_011527048.1, WP_011565109.1, WP_011641703.1, WP_011698417.1, WP_011734628.1, WP_011917786.1, WP_011955940.1, WP_012002631.1, WP_012065436.1, WP_012201657.1, WP_012208612.1, WP_012240567.1, WP_012242049.1, WP_012301383.1, WP_012359054.1, WP_012369014.1, WP_012373050.1, WP_012415577.1, WP_012446687.1, WP_012463025.1, WP_012476297.1, WP_012513316.1, WP_012544554.1, WP_012547306.1, WP_012635081.1, WP_012656111.1, WP_012674342.1, WP_012675788.1, WP_012683986.1, WP_012741332.1, WP_012799451.1, WP_012803372.1, WP_012809240.1, WP_012829098.1, WP_012843356.1, WP_012871524.1, WP_012874672.1, WP_012963487.1, WP_012991654.1, WP_012995907.1, WP_013008468.1, WP_013009721.1, WP_013043425.1, WP_013048033.1, WP_013074229.1, WP_013119212.1, WP_013159277.1, WP_013163670.1, WP_013176375.1, WP_013177541.1, WP_013182554.1, WP_013247891.1, WP_013252455.1, WP_013253558.1, WP_013259724.1, WP_013274967.1, WP_013277164.1, WP_013296982.1, WP_013362405.1, WP_013382281.1, WP_013388239.1, WP_013406405.1, WP_013451621.1, WP_013458246.1, WP_013484338.1, WP_013496664.1, WP_013496804.1, WP_013504982.1, WP_013515167.1, WP_013537021.1, WP_013559434.1, WP_013581288.1, WP_013623634.1, WP_013637815.1, WP_013658501.1, WP_013669907.1, WP_013704503.1, WP_013706417.1, WP_013709169.1, WP_013755877.1, WP_013777327.1, WP_013781751.1, WP_013840376.1, WP_013885665.1, WP_013908072.1, WP_013909558.1, WP_013925474.1, WP_014015740.1, WP_014080988.1, WP_014125637.1, WP_014162805.1, WP_014182797.1, WP_014215728.1, WP_014262835.1, WP_014296363.1, WP_014395865.1, WP_014423840.1, WP_014438280.1, WP_014451923.1, WP_014453659.1, WP_014465730.1, WP_014488944.1, WP_014546112.1, WP_014641426.1, WP_014730465.1, WP_014787190.1, WP_014803699.1, WP_014806370.1, WP_014854892.1, WP_014958824.1, WP_014968397.1, WP_015008867.1, WP_015043937.1, WP_015253293.1, WP_015325933.1, WP_015404286.1, WP_015423099.1, WP_015424855.1, WP_015642167.1, WP_015739491.1, WP_015752486.1, WP_015755965.1, WP_015774934.1, WP_015778486.1, WP_015896579.1, WP_015905436.1, WP_015921943.1, WP_015941733.1, WP_016338611.1, WP_017866462.1, WP_019375529.1, WP_021122010.1, WP_021718963.1, WP_022382685.1, WP_022738869.1, WP_022740331.1, WP_024048888.1, WP_024267233.1, WP_025208802.1, WP_025228923.1, WP_025411788.1, WP_025434539.1, WP_025734037.1, WP_029091536.1, WP_032123918.1, WP_033116908.1, WP_038565189.1, WP_039327415.1, WP_039806287.1, WP_041385283.1, WP_041669084.1, WP_044276118.1, WP_045087105.1, WP_046789179.1, WP_047857261.1, WP_049713646.1, WP_050429120.1, WP_050725877.1, WP_052571437.1, WP_052882232.1, WP_053551578.1, WP_055243020.1, WP_058257299.1, WP_062470788.1, WP_063387163.1, WP_066047593.1, WP_066237948.1, WP_066522710.1, WP_066663275.1, WP_066743738.1, WP_066790918.1, WP_067204760.1, WP_068140380.1, WP_068446109.1, WP_068516085.1, WP_068550203.1, WP_069960779.1, WP_069978722.1, WP_071140209.1, WP_072693472.1, WP_077275932.1, WP_078666527.1, WP_079536498.1, WP_082383020.1, WP_087456454.1, WP_095044548.1, WP_095414438.1, WP_095981176.1, WP_096055062.1, WP_096463177.1, WP_099325894.1, WP_102245274.1, WP_106011935.1, WP_106055736.1, WP_106057518.1, WP_109349834.1, WP_111331328.1, WP_115585478.1, WP_116223351.1, WP_118991369.1, WP_119884322.1, WP_122030868.1, WP_123042126.1, WP_126308389.1, WP_126420830.1, WP_127018091.1, WP_128466069.1, WP_128699431.1, WP_128743854.1, WP_128744712.1, WP_129891159.1, YP_001086542.1, YP_001255957.1, YP_002249240.1, YP_003317693.1, YP_010527.1, YP_144953.1, YP_193220.1, YP_431280.1	6183.Smp_211140.1
OG0000011	260	NP_109908.1, NP_212526.1, NP_214328.1, NP_219823.1, NP_224286.1, NP_268157.1, NP_268754.1, NP_295768.1, NP_387984.2, NP_463780.1, NP_602825.1, NP_661058.1, NP_688513.1, NP_713603.1, NP_763856.1, NP_816350.1, NP_842666.1, NP_870735.1, NP_973023.1, WP_001074622.1, WP_001085675.1, WP_001987630.1, WP_002617536.1, WP_002628236.1, WP_002822168.1, WP_002946412.1, WP_003144761.1, WP_003178302.1, WP_003247537.1, WP_003640943.1, WP_003666300.1, WP_003726838.1, WP_003774385.1, WP_004514632.1, WP_004693536.1, WP_005688083.1, WP_005810196.1, WP_006322669.1, WP_006340072.1, WP_006522883.1, WP_006688527.1, WP_006828907.1, WP_006846065.1, WP_006928902.1, WP_007432594.1, WP_007955610.1, WP_008592498.1, WP_009016453.1, WP_010052018.1, WP_010869323.1, WP_010881686.1, WP_010896303.1, WP_010936694.1, WP_011064511.1, WP_011165363.1, WP_011183505.1, WP_011188357.1, WP_011197204.1, WP_011229609.1, WP_011276724.1, WP_011345204.1, WP_011412745.1, WP_011416203.1, WP_011452065.1, WP_011527015.1, WP_011553124.1, WP_011698404.1, WP_011734614.1, WP_011744137.1, WP_012174128.1, WP_012233042.1, WP_012242124.1, WP_012282459.1, WP_012301366.1, WP_012373064.1, WP_012388948.1, WP_012415652.1, WP_012420085.1, WP_012422158.1, WP_012446672.1, WP_012463138.1, WP_012504879.1, WP_012509313.1, WP_012526298.1, WP_012546908.1, WP_012611052.1, WP_012635066.1, WP_012642074.1, WP_012674582.1, WP_012675317.1, WP_012682341.1, WP_012683972.1, WP_012829117.1, WP_012858559.1, WP_012862377.1, WP_012872087.1, WP_012911486.1, WP_012963502.1, WP_012991669.1, WP_013008483.1, WP_013009707.1, WP_013047726.1, WP_013074212.1, WP_013103507.1, WP_013108721.1, WP_013119197.1, WP_013159069.1, WP_013163685.1, WP_013176392.1, WP_013178949.1, WP_013181682.1, WP_013253544.1, WP_013259739.1, WP_013277150.1, WP_013386636.1, WP_013406420.1, WP_013451650.1, WP_013457250.1, WP_013496678.1, WP_013506553.1, WP_013515181.1, WP_013538326.1, WP_013560300.1, WP_013562994.1, WP_013623618.1, WP_013628338.1, WP_013637773.1, WP_013669988.1, WP_013695874.1, WP_013703248.1, WP_013706432.1, WP_013774619.1, WP_013840361.1, WP_013885651.1, WP_013908982.1, WP_013943858.1, WP_014015370.1, WP_014124092.1, WP_014182781.1, WP_014214973.1, WP_014245829.1, WP_014270742.1, WP_014297173.1, WP_014397770.1, WP_014423821.1, WP_014432762.1, WP_014436226.1, WP_014465744.1, WP_014488769.1, WP_014545989.1, WP_014641409.1, WP_014730508.1, WP_014804022.1, WP_014806110.1, WP_014812941.1, WP_014854907.1, WP_014943225.1, WP_014958837.1, WP_014961310.1, WP_015008850.1, WP_015043953.1, WP_015051642.1, WP_015244124.1, WP_015253275.1, WP_015325919.1, WP_015404272.1, WP_015423242.1, WP_015424222.1, WP_015739885.1, WP_015752501.1, WP_015755949.1, WP_015770099.1, WP_015774949.1, WP_015797857.1, WP_015869166.1, WP_015905450.1, WP_015912369.1, WP_016339339.1, WP_019375546.1, WP_021717067.1, WP_022381722.1, WP_023466610.1, WP_023791834.1, WP_024268957.1, WP_024364384.1, WP_025208891.1, WP_025391445.1, WP_025411773.1, WP_025734407.1, WP_027889343.1, WP_028977328.1, WP_029091553.1, WP_032124110.1, WP_034172138.1, WP_038565143.1, WP_039806253.1, WP_040201107.1, WP_041191736.1, WP_041784317.1, WP_045087270.1, WP_046328614.1, WP_046791264.1, WP_047858599.1, WP_050429777.1, WP_050725964.1, WP_052570712.1, WP_052882243.1, WP_053232784.1, WP_053551593.1, WP_055243046.1, WP_062100850.1, WP_062472028.1, WP_063387146.1, WP_066390636.1, WP_066790953.1, WP_067204712.1, WP_068140419.1, WP_068446142.1, WP_068550228.1, WP_069960794.1, WP_072693492.1, WP_075092561.1, WP_076346396.1, WP_077027139.1, WP_077140930.1, WP_077275246.1, WP_077718336.1, WP_078666688.1, WP_085755287.1, WP_087456438.1, WP_087862852.1, WP_095045555.1, WP_095415977.1, WP_095975573.1, WP_096055030.1, WP_096463206.1, WP_099325879.1, WP_102245289.1, WP_102991320.1, WP_104937118.1, WP_106054169.1, WP_108673377.1, WP_110174852.1, WP_111337094.1, WP_115585519.1, WP_116225047.1, WP_118991498.1, WP_119884339.1, WP_123042143.1, WP_125991737.1, WP_126308376.1, WP_128466055.1, WP_128699418.1, YP_002249159.1, YP_003318013.1, YP_012137.1, YP_143512.1, YP_193283.1, YP_431296.1	6183.Smp_001960.1
OG0000013	237	NP_109914.1, NP_213504.1, NP_214256.1, NP_229304.1, NP_268418.1, NP_268625.1, NP_349737.1, NP_387992.2, NP_466177.1, NP_688760.1, NP_713596.1, NP_763865.1, NP_813998.1, NP_830007.1, NP_842674.1, WP_000087875.1, WP_001137491.1, WP_001137495.1, WP_002262491.1, WP_002816782.1, WP_002835373.1, WP_002853108.1, WP_003144697.1, WP_003178317.1, WP_003247553.1, WP_003452182.1, WP_003514305.1, WP_003567577.1, WP_003638057.1, WP_003668788.1, WP_003722012.1, WP_003775176.1, WP_004026103.1, WP_004101430.1, WP_004693556.1, WP_004831806.1, WP_004888658.1, WP_005805133.1, WP_005810168.1, WP_005930552.1, WP_006341350.1, WP_006492339.1, WP_006522875.1, WP_006784426.1, WP_006828915.1, WP_006845061.1, WP_007432586.1, WP_007495841.1, WP_007716226.1, WP_007937795.1, WP_008406982.1, WP_008538887.1, WP_008592515.1, WP_009016332.1, WP_009885645.1, WP_010052039.1, WP_010053698.1, WP_010896313.1, WP_010936248.1, WP_011026342.1, WP_011064518.1, WP_011100720.1, WP_011183520.1, WP_011197194.1, WP_011226575.1, WP_011229617.1, WP_011345196.1, WP_011412739.1, WP_011522026.1, WP_011527026.1, WP_011641712.1, WP_011916516.1, WP_011955949.1, WP_012002622.1, WP_012065445.1, WP_012174134.1, WP_012208621.1, WP_012242143.1, WP_012282467.1, WP_012301374.1, WP_012373058.1, WP_012388943.1, WP_012415589.1, WP_012446679.1, WP_012463017.1, WP_012513308.1, WP_012544068.1, WP_012547965.1, WP_012634768.1, WP_012635073.1, WP_012674784.1, WP_012676446.1, WP_012843347.1, WP_012871515.1, WP_012874663.1, WP_012963496.1, WP_012991663.1, WP_012993095.1, WP_012995917.1, WP_013043449.1, WP_013048024.1, WP_013074220.1, WP_013103428.1, WP_013119204.1, WP_013176384.1, WP_013181410.1, WP_013274958.1, WP_013277156.1, WP_013362420.1, WP_013382422.1, WP_013406414.1, WP_013484986.1, WP_013496671.1, WP_013504974.1, WP_013515175.1, WP_013537012.1, WP_013559425.1, WP_013581296.1, WP_013623625.1, WP_013637807.1, WP_013658510.1, WP_013668505.1, WP_013682369.1, WP_013755868.1, WP_013773174.1, WP_013777318.1, WP_013781760.1, WP_013840368.1, WP_013908063.1, WP_013909550.1, WP_013942672.1, WP_014015731.1, WP_014125649.1, WP_014182788.1, WP_014215736.1, WP_014262275.1, WP_014296372.1, WP_014355308.1, WP_014423831.1, WP_014451932.1, WP_014453667.1, WP_014641417.1, WP_014787211.1, WP_014806362.1, WP_015008858.1, WP_015043946.1, WP_015051624.1, WP_015253283.1, WP_015310891.1, WP_015325925.1, WP_015360291.1, WP_015423090.1, WP_015637950.1, WP_015641180.1, WP_015739500.1, WP_015752495.1, WP_015755956.1, WP_015774943.1, WP_015777416.1, WP_015869230.1, WP_015896588.1, WP_015912362.1, WP_015921951.1, WP_015941741.1, WP_016338470.1, WP_016838550.1, WP_019375538.1, WP_021716907.1, WP_022383227.1, WP_023466623.1, WP_023525321.1, WP_024364378.1, WP_025208459.1, WP_025228346.1, WP_025391451.1, WP_025434531.1, WP_025734490.1, WP_028977336.1, WP_029091547.1, WP_038565166.1, WP_039327445.1, WP_039806267.1, WP_041695513.1, WP_041701801.1, WP_044276122.1, WP_045087097.1, WP_046791257.1, WP_052571418.1, WP_062470815.1, WP_063387154.1, WP_066052503.1, WP_066237973.1, WP_066523482.1, WP_066743723.1, WP_066790941.1, WP_067204733.1, WP_068140405.1, WP_068446127.1, WP_068516066.1, WP_068550220.1, WP_069960787.1, WP_069978699.1, WP_070700164.1, WP_071140201.1, WP_072693481.1, WP_077140923.1, WP_077275941.1, WP_077718344.1, WP_078666623.1, WP_087456445.1, WP_087861510.1, WP_096055070.1, WP_096463197.1, WP_102991326.1, WP_103080997.1, WP_106012481.1, WP_106056136.1, WP_109349826.1, WP_110173166.1, WP_116225443.1, WP_118991383.1, WP_119884331.1, WP_122031763.1, WP_123042134.1, WP_125991724.1, WP_126308381.1, WP_127018083.1, WP_128699424.1, WP_128746295.1, YP_001086533.1, YP_001255966.1, YP_002249249.1, YP_003317702.1, YP_010518.1, YP_193212.1, YP_431289.1	6183.Smp_165830.1
OG0000014	234	NP_212473.1, NP_219628.1, NP_230221.1, NP_240208.1, NP_253123.1, NP_293898.2, NP_312131.1, NP_417698.1, NP_439595.1, NP_462255.1, NP_635870.1, NP_709028.2, NP_713589.1, NP_719471.1, NP_743475.1, NP_796817.1, NP_971462.1, WP_000854895.1, WP_002437467.1, WP_002442074.1, WP_002918559.1, WP_003023002.1, WP_003025141.1, WP_003287302.1, WP_003860434.1, WP_004091281.1, WP_004139625.1, WP_004155066.1, WP_004236344.1, WP_004245285.1, WP_004514736.1, WP_004868222.1, WP_004925433.1, WP_004937079.1, WP_004958166.1, WP_005222322.1, WP_005314367.1, WP_005414692.1, WP_005502163.1, WP_005542161.1, WP_005596850.1, WP_005726289.1, WP_005770421.1, WP_005975488.1, WP_006121722.1, WP_006251543.1, WP_006991012.1, WP_007509589.1, WP_007639876.1, WP_008251607.1, WP_008393360.1, WP_009567386.1, WP_010132512.1, WP_010847760.1, WP_010862642.1, WP_010882469.1, WP_010894037.1, WP_010945337.1, WP_010960215.1, WP_011148147.1, WP_011200457.1, WP_011219795.1, WP_011233675.1, WP_011260491.1, WP_011282604.1, WP_011399611.1, WP_011410080.1, WP_011416248.1, WP_011469637.1, WP_011507504.1, WP_011520243.1, WP_011587862.1, WP_011629978.1, WP_011711945.1, WP_011736914.1, WP_011738274.1, WP_011771135.1, WP_011785931.1, WP_011814863.1, WP_011930217.1, WP_012031433.1, WP_012070101.1, WP_012174374.1, WP_012201623.1, WP_012340391.1, WP_012388377.1, WP_012488381.1, WP_012621589.1, WP_012699950.1, WP_012743749.1, WP_012800599.1, WP_012824897.1, WP_012883052.1, WP_012933358.1, WP_012969421.1, WP_013034350.1, WP_013060540.1, WP_013087399.1, WP_013256298.1, WP_013280033.1, WP_013331697.1, WP_013346927.1, WP_013364512.1, WP_013577239.1, WP_013820102.1, WP_013834737.1, WP_013856066.1, WP_013943070.1, WP_013975698.1, WP_014078510.1, WP_014149852.1, WP_014159303.1, WP_014242867.1, WP_014271218.1, WP_014291341.1, WP_014354394.1, WP_014401788.1, WP_014545714.1, WP_014705973.1, WP_014779855.1, WP_014888475.1, WP_014895152.1, WP_014948329.1, WP_015006772.1, WP_015048807.1, WP_015259932.1, WP_015280127.1, WP_015425578.1, WP_015432456.1, WP_015485582.1, WP_015642142.1, WP_015820565.1, WP_015870019.1, WP_015879960.1, WP_015947454.1, WP_016352761.1, WP_016857521.1, WP_017378349.1, WP_017806616.1, WP_020028489.1, WP_024266538.1, WP_024551131.1, WP_024911113.1, WP_025315071.1, WP_026211022.1, WP_026740709.1, WP_027705315.1, WP_032125364.1, WP_034459800.1, WP_035473795.1, WP_038016830.1, WP_038478381.1, WP_039105303.1, WP_039124316.1, WP_040200800.1, WP_041062961.1, WP_041064365.1, WP_041068868.1, WP_044601261.1, WP_044616615.1, WP_045100194.1, WP_045112136.1, WP_046519663.1, WP_046860198.1, WP_046966859.1, WP_047011389.1, WP_047781981.1, WP_048636504.1, WP_049724715.1, WP_052284015.1, WP_053100185.1, WP_053550279.1, WP_058022394.1, WP_058257328.1, WP_062100339.1, WP_062153464.1, WP_062482505.1, WP_063464792.1, WP_064122474.1, WP_065392477.1, WP_065971721.1, WP_066283606.1, WP_066919563.1, WP_067498311.1, WP_067566472.1, WP_067567416.1, WP_067569551.1, WP_067647463.1, WP_068616818.1, WP_068803761.1, WP_070077282.1, WP_074862335.1, WP_075998582.1, WP_076982496.1, WP_083429623.1, WP_085759038.1, WP_086623117.1, WP_087036787.1, WP_087463459.1, WP_088619929.1, WP_088921734.1, WP_089073745.1, WP_094039193.1, WP_094059894.1, WP_096300041.1, WP_096361349.1, WP_096367285.1, WP_096462298.1, WP_096526352.1, WP_100278116.1, WP_100921756.1, WP_101895451.1, WP_106890075.1, WP_108565428.1, WP_108604686.1, WP_108900457.1, WP_109994030.1, WP_111332401.1, WP_111524753.1, WP_111741279.1, WP_115955831.1, WP_117292490.1, WP_119631249.1, YP_001007895.1, YP_002348450.1, YP_003615089.1, YP_004591111.1, YP_011730.1, YP_096712.2, YP_170229.3, YP_205605.1, YP_237188.1, YP_404888.1	6183.Smp_121790.1
OG0000061	115	NP_662661.1, NP_812787.1, NP_971463.1, WP_002976218.1, WP_004584903.1, WP_004916691.1, WP_005859484.1, WP_008586422.1, WP_009085458.1, WP_009598525.1, WP_010882468.1, WP_011402825.1, WP_011586389.1, WP_011708062.1, WP_011745827.1, WP_012023687.1, WP_012464698.1, WP_012472276.1, WP_012499085.1, WP_012509021.1, WP_012573309.1, WP_012780290.1, WP_012788555.1, WP_012813685.1, WP_013063558.1, WP_013070026.1, WP_013186581.1, WP_013409547.1, WP_013444844.1, WP_013455483.1, WP_013550818.1, WP_013598628.1, WP_013612865.1, WP_013634191.1, WP_013664736.1, WP_013687229.1, WP_013750177.1, WP_013765145.1, WP_013869323.1, WP_013993700.1, WP_013997327.1, WP_014020963.1, WP_014033140.1, WP_014202322.1, WP_014222168.1, WP_014225408.1, WP_014242868.1, WP_014545713.1, WP_014559565.1, WP_014681678.1, WP_014772440.1, WP_014781730.1, WP_014791225.1, WP_014797533.1, WP_014856353.1, WP_014934626.1, WP_015024666.1, WP_015263921.1, WP_015361671.1, WP_015481806.1, WP_015691969.1, WP_015812950.1, WP_020931612.1, WP_025278764.1, WP_025412411.1, WP_027200745.1, WP_031442374.1, WP_038436051.1, WP_038556345.1, WP_041702561.1, WP_041894514.1, WP_044003175.1, WP_044637843.1, WP_045090730.1, WP_045470021.1, WP_046310223.1, WP_053406045.1, WP_054727056.1, WP_057953378.1, WP_058884242.1, WP_062058039.1, WP_062544036.1, WP_066211395.1, WP_066317425.1, WP_066406234.1, WP_067145102.1, WP_067542086.1, WP_068209788.1, WP_068826501.1, WP_068961434.1, WP_069800989.1, WP_071136224.1, WP_076376942.1, WP_076699223.1, WP_076931756.1, WP_079558727.1, WP_082382995.1, WP_094996145.1, WP_101016636.1, WP_102241951.1, WP_102755602.1, WP_105215085.1, WP_109322236.1, WP_111373182.1, WP_112378497.1, WP_114902334.1, WP_114982556.1, WP_117174698.1, WP_119052277.1, WP_119752604.1, WP_119989809.1, WP_121847608.1, WP_122031809.1, WP_129602113.1	6183.Smp_164790.1
OG0000078	109	NP_231891.1, NP_240060.1, NP_308198.1, NP_414711.1, NP_439073.2, NP_459221.1, NP_706114.2, NP_717240.1, NP_798697.1, WP_002436951.1, WP_002441114.1, WP_002889299.1, WP_003018553.1, WP_004242214.1, WP_004245475.1, WP_004386139.1, WP_004858107.1, WP_004916790.1, WP_005312073.1, WP_005506915.1, WP_005542886.1, WP_005725076.1, WP_006253501.1, WP_007641192.1, WP_007988952.1, WP_008807356.1, WP_008900631.1, WP_010284816.1, WP_010848617.1, WP_010864533.1, WP_010945412.1, WP_011042389.1, WP_011145048.1, WP_011201093.1, WP_011219569.1, WP_011234096.1, WP_011282817.1, WP_011411674.1, WP_011520690.1, WP_011574102.1, WP_011609243.1, WP_011771232.1, WP_012419726.1, WP_012621651.1, WP_013087831.1, WP_013095653.1, WP_013316750.1, WP_013344467.1, WP_013574193.1, WP_013746649.1, WP_013856204.1, WP_013975711.1, WP_014293060.1, WP_014354145.1, WP_014592960.1, WP_014888370.1, WP_014948552.1, WP_014991581.1, WP_015432602.1, WP_015780927.1, WP_015870245.1, WP_015879178.1, WP_016929891.1, WP_017457995.1, WP_017807014.1, WP_024910153.1, WP_025800226.1, WP_026738759.1, WP_032616611.1, WP_038475450.1, WP_038517639.1, WP_039078432.1, WP_039105955.1, WP_041062524.1, WP_041068959.1, WP_043085919.1, WP_045111824.1, WP_046493884.1, WP_047371770.1, WP_047781782.1, WP_048635905.1, WP_061553605.1, WP_062477505.1, WP_062772160.1, WP_064516318.1, WP_066282544.1, WP_067497435.1, WP_067566435.1, WP_067567872.1, WP_067569465.1, WP_087034847.1, WP_087490551.1, WP_089072734.1, WP_094040481.1, WP_095847452.1, WP_104956348.1, WP_108567971.1, WP_108604215.1, WP_108901535.1, WP_111739322.1, WP_115955933.1, WP_119797612.1, YP_001007458.1, YP_002346087.1, YP_003611483.1, YP_004592521.1, YP_205345.1, YP_401906.1	6183.Smp_102840.1
OG0000147	85	NP_252936.1, NP_742637.1, WP_001141025.1, WP_003656969.1, WP_005224340.1, WP_005771515.1, WP_008248319.1, WP_010133830.1, WP_010196711.1, WP_010961583.1, WP_011369733.1, WP_011399903.1, WP_011467458.1, WP_011505746.1, WP_011628224.1, WP_011737600.1, WP_011784259.1, WP_011813640.1, WP_011911996.1, WP_011929586.1, WP_012031553.1, WP_012071919.1, WP_012486379.1, WP_012536093.1, WP_012699319.1, WP_012800388.1, WP_012823239.1, WP_012971535.1, WP_013033350.1, WP_013331009.1, WP_013820371.1, WP_013834700.1, WP_014149756.1, WP_014707477.1, WP_014780413.1, WP_014895007.1, WP_015006502.1, WP_015047167.1, WP_015259313.1, WP_015281679.1, WP_015488526.1, WP_015819969.1, WP_016209764.1, WP_016353879.1, WP_020025156.1, WP_027349312.1, WP_027704529.1, WP_035459318.1, WP_035470394.1, WP_039123604.1, WP_041064737.1, WP_044619286.1, WP_045098325.1, WP_046860307.1, WP_047011180.1, WP_053100991.1, WP_054556902.1, WP_062153768.1, WP_063464627.1, WP_066919336.1, WP_068613665.1, WP_068805674.1, WP_070079048.1, WP_071564504.1, WP_075998817.1, WP_085758617.1, WP_086620779.1, WP_087459961.1, WP_088618382.1, WP_088917241.1, WP_094059477.1, WP_096361296.1, WP_096367085.1, WP_096463003.1, WP_096526630.1, WP_100255927.1, WP_100921335.1, WP_101893385.1, WP_110137878.1, WP_119630019.1, WP_126323035.1, YP_094390.1, YP_169391.1, YP_237599.1	6183.Smp_145780.1
OG0000184	69	NP_221023.1, NP_354923.1, NP_385462.1, NP_420061.2, WP_002964362.1, WP_003547548.1, WP_003597090.1, WP_003613512.1, WP_009868566.1, WP_010909273.1, WP_011158795.1, WP_011179552.1, WP_011510054.1, WP_011581016.1, WP_011647826.1, WP_012091910.1, WP_012111658.1, WP_012113702.1, WP_012384351.1, WP_012521788.1, WP_012562834.1, WP_012589622.1, WP_013166262.1, WP_013268920.1, WP_013420553.1, WP_013478458.1, WP_013948192.1, WP_014130836.1, WP_014494498.1, WP_015087936.1, WP_015272829.1, WP_015928586.1, WP_024270438.1, WP_026173613.1, WP_031268311.1, WP_035675049.1, WP_037084734.1, WP_040848410.1, WP_041375457.1, WP_041604962.1, WP_041621813.1, WP_041927187.1, WP_043879328.1, WP_045367561.1, WP_046476132.1, WP_050474669.1, WP_054168366.1, WP_055036994.1, WP_061976497.1, WP_066132239.1, WP_067961881.1, WP_068022219.1, WP_069050552.1, WP_069692155.1, WP_083811034.1, WP_086089733.1, WP_096357778.1, WP_099511387.1, WP_099556501.1, WP_099999165.1, WP_106748009.1, WP_106875036.1, WP_108673560.1, WP_115836067.1, WP_117413048.1, WP_121047245.1, WP_126537378.1, YP_427772.1	6183.Smp_087440.1
OG0000269	44	WP_008082280.1, WP_009886751.1, WP_010867125.1, WP_010869872.1, WP_010877286.1, WP_010878045.1, WP_010916681.1, WP_011013135.1, WP_011032960.1, WP_011171377.1, WP_011177238.1, WP_011250369.1, WP_011406842.1, WP_011447697.1, WP_011499968.1, WP_011833949.1, WP_012034350.1, WP_012309988.1, WP_012616874.1, WP_012955286.1, WP_012965845.1, WP_013036659.1, WP_013195503.1, WP_013330053.1, WP_013645815.1, WP_013720296.1, WP_013798995.1, WP_013866706.1, WP_013899255.1, WP_014866089.1, WP_015325669.1, WP_015503951.1, WP_021789293.1, WP_048090475.1, WP_048105848.1, WP_048113087.1, WP_048134087.1, WP_048161546.1, WP_048164489.1, WP_048188542.1, WP_066076989.1, WP_075055806.1, WP_086907988.1	6183.Smp_012750.1
OG0000270	44	WP_008082433.1, WP_009886750.1, WP_010878987.1, WP_010900788.1, WP_010916680.1, WP_011009143.1, WP_011013136.1, WP_011032961.1, WP_011170204.1, WP_011177239.1, WP_011250368.1, WP_011406841.1, WP_011447696.1, WP_011499969.1, WP_011833948.1, WP_012034351.1, WP_012186964.1, WP_012616875.1, WP_012955287.1, WP_012964794.1, WP_013036660.1, WP_013195504.1, WP_013330052.1, WP_013335159.1, WP_013645816.1, WP_013720295.1, WP_013799086.1, WP_013866204.1, WP_013899256.1, WP_014127680.1, WP_014586784.1, WP_014866088.1, WP_015284453.1, WP_015325668.1, WP_020447957.1, WP_020962087.1, WP_021789292.1, WP_048061119.1, WP_048092237.1, WP_048113079.1, WP_048147206.1, WP_048164491.1, WP_064496520.1	6183.Smp_042090.1
OG0000354	34	WP_010867459.1, WP_010875649.1, WP_011012961.1, WP_011034060.1, WP_011171347.1, WP_011250488.1, WP_011406491.1, WP_011449211.1, WP_011498194.1, WP_011832465.1, WP_012034976.1, WP_012617140.1, WP_012955658.1, WP_012965643.1, WP_013037802.1, WP_013194319.1, WP_013644381.1, WP_013720130.1, WP_013866932.1, WP_013898515.1, WP_014586041.1, WP_015325354.1, WP_015505293.1, WP_020448343.1, WP_048055667.1, WP_048064485.1, WP_048093385.1, WP_048111413.1, WP_048112672.1, WP_048164333.1, WP_064496502.1, WP_066073621.1, WP_074176168.1	6183.Smp_024850.1
OG0000664	8	NP_625760.1, WP_003970367.1, WP_012921923.1, WP_013586628.1, WP_043641121.1, WP_055588796.1, WP_095680650.1	6183.Smp_137940.1
OG0000753	6	WP_010867458.1, WP_011012960.1, WP_011250487.1, WP_048164335.1	6183.Smp_027610.1, 6183.Smp_131450.1
OG0000832	5	WP_010875684.1, WP_011406448.1, WP_012955718.1, WP_013644418.1	6183.Smp_179180.1
OG0000967	4	WP_010878624.1, WP_012966440.1, WP_048092524.1	6183.Smp_090230.1
OG0000991	4	NP_864198.2, WP_012911338.1, WP_095415746.1	6183.Smp_057230.1
OG0000999	4	WP_010878836.1, WP_012965427.1, WP_048090193.1	6183.Smp_013200.2
OG0001145	3	WP_011822712.1, WP_082419642.1	6183.Smp_130680.1
OG0001152	3	WP_011012950.1, WP_012186791.1	6183.Smp_076740.1
OG0001420	2	WP_014203661.1	6183.Smp_015720.1
OG0001421	2	WP_010879447.1	6183.Smp_101240.1
OG0001426	2	WP_041892237.1	6183.Smp_149430.1
OG0001438	2	WP_059059792.1	6183.Smp_133280.1
OG0001445	2	WP_048105872.1	6183.Smp_074470.1
OG0001446	2	WP_073296310.1	6183.Smp_095590.1
OG0001449	2	WP_011822719.1	6183.Smp_093440.1
OG0001481	2	WP_014243384.1	6183.Smp_041600.1
OG0001485	2	WP_015134743.1	6183.Smp_129650.1
OG0001498	2	WP_048164325.1	6183.Smp_047200.1
OG0001503	2	WP_013143720.1	6183.Smp_007900.1
OG0001506	2	WP_009991266.1	6183.Smp_050940.1
OG0001511	2	WP_012123420.1	6183.Smp_018990.1
OG0001517	2	WP_020962112.1	6183.Smp_013470.2
OG0001519	2	WP_014027502.1	6183.Smp_074780.1
OG0001520	2	WP_011012795.1	6183.Smp_053830.1
OG0001524	2	WP_011171269.1	6183.Smp_119920.1
OG0001531	2	WP_012870961.1	6183.Smp_023360.1
OG0001532	2	WP_013169923.1	6183.Smp_040800.1
OG0001544	2	WP_013255451.1	6183.Smp_040770.1
OG0001554	2	WP_066135570.1	6183.Smp_005330.1
OG0001562	2	WP_011406853.1	6183.Smp_053610.1
OG0001577	2	WP_020962376.1	6183.Smp_096750.1
OG0001580	2	WP_012608833.1	6183.Smp_032760.1
OG0001586	2	WP_075054598.1	6183.Smp_053820.1
OG0001587	2	WP_013037688.1	6183.Smp_099170.1
OG0001608	2	WP_013267065.1	6183.Smp_194160.1
OG0001619	2	WP_015220655.1	6183.Smp_122780.1
OG0001630	2	WP_011998217.1	6183.Smp_180000.1
OG0001645	2	WP_068616227.1	6183.Smp_097590.1
OG0001669	2	WP_014587060.1	6183.Smp_012450.1
OG0001676	2	WP_109759374.1	6183.Smp_198940.1
